Core, 0, 0
Cumulative_Cycles, 0, 14397908            
Cumulative_Instructions, 0, 30000000            
Periodic_Cycles, 0, 4695775             
Periodic_Instructions, 0, 10000000            
RFP_PREDICTED_AT_RENAME_count, 0,             0
RFP_PREDICTED_AT_RENAME_total_count, 0,             0

RFP_ALL_LOADS_count, 0,             0
RFP_ALL_LOADS_total_count, 0,             0

RFP_PREDICTION_MADE_count, 0,             0
RFP_PREDICTION_MADE_total_count, 0,             0

RFP_ELIGIBLE_count, 0,             0
RFP_ELIGIBLE_pct, 0,         -nan
RFP_ELIGIBLE_total_count, 0,             0
RFP_ELIGIBLE_total_pct, 0,         -nan

RFP_RETIRE_LOAD_count, 0,             0
RFP_RETIRE_LOAD_total_count, 0,             0

RFP_PT_ALLOC_count, 0,             0
RFP_PT_ALLOC_total_count, 0,             0

RFP_PT_HIT_count, 0,             0
RFP_PT_HIT_total_count, 0,             0

RFP_STRIDE_CONFIRM_count, 0,             0
RFP_STRIDE_CONFIRM_total_count, 0,             0

RFP_STRIDE_CHANGE_count, 0,             0
RFP_STRIDE_CHANGE_total_count, 0,             0

RFP_CONF_INC_count, 0,             0
RFP_CONF_INC_total_count, 0,             0

RFP_PREFETCH_INJECTED_count, 0,             0
RFP_PREFETCH_INJECTED_total_count, 0,             0

RFP_ISSUED_count, 0,             0
RFP_ISSUED_pct, 0,         -nan
RFP_ISSUED_total_count, 0,             0
RFP_ISSUED_total_pct, 0,         -nan

RFP_ELIGIBLE_NOT_ISSUED_count, 0,             0
RFP_ELIGIBLE_NOT_ISSUED_total_count, 0,             0

RFP_PREFETCH_INFLIGHT_count, 0,             0
RFP_PREFETCH_INFLIGHT_total_count, 0,             0

RFP_PREFETCH_EXECUTED_count, 0,             0
RFP_PREFETCH_EXECUTED_total_count, 0,             0

RFP_DROPPED_SINCE_LOAD_BEAT_PREFETCH_count, 0,             0
RFP_DROPPED_SINCE_LOAD_BEAT_PREFETCH_total_count, 0,             0

RFP_PREFETCH_USEFUL_count, 0,             0
RFP_PREFETCH_USEFUL_total_count, 0,             0

RFP_SAVED_CYCLES_count, 0,             0
RFP_SAVED_CYCLES_total_count, 0,             0

RFP_PREDICTION_WRONG_count, 0,             0
RFP_PREDICTION_WRONG_total_count, 0,             0

RFP_PRF_LAUNCH_count, 0,             0
RFP_PRF_LAUNCH_total_count, 0,             0

RFP_PRF_LAUNCH_NO_DEST_count, 0,             0
RFP_PRF_LAUNCH_NO_DEST_total_count, 0,             0

RFP_PRF_SERVED_count, 0,             0
RFP_PRF_SERVED_total_count, 0,             0

RFP_USED_NO_DEMAND_count, 0,             0
RFP_USED_NO_DEMAND_total_count, 0,             0

RFP_NUM_PREFETCHED_LOADS_count, 0,             0
RFP_NUM_PREFETCHED_LOADS_total_count, 0,             0

RFP_COVERAGE_count, 0,             0
RFP_COVERAGE_pct, 0,         -nan
RFP_COVERAGE_total_count, 0,             0
RFP_COVERAGE_total_pct, 0,         -nan

RFP_PRF_CLEARED_DUE_TO_MISPRED_count, 0,             0
RFP_PRF_CLEARED_DUE_TO_MISPRED_total_count, 0,             0

RFP_PRF_CLEARED_DUE_TO_RECOVERY_count, 0,             0
RFP_PRF_CLEARED_DUE_TO_RECOVERY_total_count, 0,             0

RFP_PRF_OWNER_MISMATCH_count, 0,             0
RFP_PRF_OWNER_MISMATCH_total_count, 0,             0

RFP_LSQ_FIFO_FULL_count, 0,             0
RFP_LSQ_FIFO_FULL_total_count, 0,             0

RFP_DROPPED_ON_L1_MISS_count, 0,             0
RFP_DROPPED_ON_L1_MISS_total_count, 0,             0

RFP_PARTIAL_MITIGATED_count, 0,             0
RFP_PARTIAL_MITIGATED_total_count, 0,             0

RFP_FULL_MITIGATED_count, 0,             0
RFP_FULL_MITIGATED_total_count, 0,             0

RFP_ON_TIME_count, 0,             0
RFP_ON_TIME_pct, 0,         -nan
RFP_ON_TIME_total_count, 0,             0
RFP_ON_TIME_total_pct, 0,         -nan

RFP_DROPPED_MEM_PRESSURE_count, 0,             0
RFP_DROPPED_MEM_PRESSURE_total_count, 0,             0

RFP_TOTAL_CYCLES_SAVED_count, 0,             0
RFP_TOTAL_CYCLES_SAVED_total_count, 0,             0

RFP_AVG_LAT_REDUCTION_PER_PREF_count, 0,             0
RFP_AVG_LAT_REDUCTION_PER_PREF_pct, 0,         -nan
RFP_AVG_LAT_REDUCTION_PER_PREF_total_count, 0,             0
RFP_AVG_LAT_REDUCTION_PER_PREF_total_pct, 0,         -nan

RFP_SAVED_CYCLES_FULL_count, 0,             0
RFP_SAVED_CYCLES_FULL_total_count, 0,             0

RFP_SAVED_CYCLES_PARTIAL_count, 0,             0
RFP_SAVED_CYCLES_PARTIAL_total_count, 0,             0

RFP_AVG_LAT_REDUCTION_FULL_count, 0,             0
RFP_AVG_LAT_REDUCTION_FULL_pct, 0,         -nan
RFP_AVG_LAT_REDUCTION_FULL_total_count, 0,             0
RFP_AVG_LAT_REDUCTION_FULL_total_pct, 0,         -nan

RFP_AVG_LAT_REDUCTION_PARTIAL_count, 0,             0
RFP_AVG_LAT_REDUCTION_PARTIAL_pct, 0,         -nan
RFP_AVG_LAT_REDUCTION_PARTIAL_total_count, 0,             0
RFP_AVG_LAT_REDUCTION_PARTIAL_total_pct, 0,         -nan

RFP_REMAINING_LAT_SERVED_count, 0,             0
RFP_REMAINING_LAT_SERVED_total_count, 0,             0

RFP_PRED_RESOLVED_count, 0,             0
RFP_PRED_RESOLVED_total_count, 0,             0

RFP_PRED_CORRECT_count, 0,             0
RFP_PRED_CORRECT_pct, 0,         -nan
RFP_PRED_CORRECT_total_count, 0,             0
RFP_PRED_CORRECT_total_pct, 0,         -nan

RFP_PRED_WRONG_LINE_count, 0,             0
RFP_PRED_WRONG_LINE_total_count, 0,             0

RFP_PRED_WRONG_ADDR_count, 0,             0
RFP_PRED_WRONG_ADDR_total_count, 0,             0

RFP_LD_EXEC_MINUS_FETCH_count, 0,             0
RFP_LD_EXEC_MINUS_FETCH_total_count, 0,             0

RFP_LD_RETIRE_MINUS_FETCH_count, 0,             0
RFP_LD_RETIRE_MINUS_FETCH_total_count, 0,             0

RFP_LD_EXEC_TO_DONE_count, 0,             0
RFP_LD_EXEC_TO_DONE_total_count, 0,             0

RFP_LD_EXEC_MINUS_FETCH_SERVED_count, 0,             0
RFP_LD_EXEC_MINUS_FETCH_SERVED_total_count, 0,             0

RFP_LD_RETIRE_MINUS_FETCH_SERVED_count, 0,             0
RFP_LD_RETIRE_MINUS_FETCH_SERVED_total_count, 0,             0

RFP_LD_EXEC_TO_DONE_SERVED_count, 0,             0
RFP_LD_EXEC_TO_DONE_SERVED_total_count, 0,             0

RFP_LD_EXEC_MINUS_FETCH_DEMAND_count, 0,             0
RFP_LD_EXEC_MINUS_FETCH_DEMAND_total_count, 0,             0

RFP_LD_RETIRE_MINUS_FETCH_DEMAND_count, 0,             0
RFP_LD_RETIRE_MINUS_FETCH_DEMAND_total_count, 0,             0

RFP_LD_EXEC_TO_DONE_DEMAND_count, 0,             0
RFP_LD_EXEC_TO_DONE_DEMAND_total_count, 0,             0

RFP_RETIRE_PRED_count, 0,             0
RFP_RETIRE_PRED_total_count, 0,             0

RFP_RETIRE_COVERED_count, 0,             0
RFP_RETIRE_COVERED_pct, 0,         -nan
RFP_RETIRE_COVERED_total_count, 0,             0
RFP_RETIRE_COVERED_total_pct, 0,         -nan

RFP_RETIRE_PRED_CORRECT_count, 0,             0
RFP_RETIRE_PRED_CORRECT_total_count, 0,             0

RFP_RETIRE_PRED_WRONG_count, 0,             0
RFP_RETIRE_PRED_WRONG_total_count, 0,             0



