Core, 0, 0
Cumulative_Cycles, 0, 7691402             
Cumulative_Instructions, 0, 30000000            
Periodic_Cycles, 0, 2536228             
Periodic_Instructions, 0, 9999998             
EXECUTION_TIME_count, 0,  792571250000
EXECUTION_TIME_total_count, 0, 2403563125000

SIM_HOST_WALL_SECONDS_value, 0,    346.329265
SIM_HOST_WALL_SECONDS_total_value, 0,    346.329265

NODE_CYCLE_count, 0,       2536228
NODE_CYCLE_total_count, 0,       7691402

NODE_INST_COUNT_count, 0,       9999998
NODE_INST_COUNT_total_count, 0,      30000078

NODE_INST_COUNT_FETCHED_count, 0,       9999998
NODE_INST_COUNT_FETCHED_total_count, 0,      30000000

NODE_UOP_COUNT_count, 0,      11696961
NODE_UOP_COUNT_total_count, 0,      35088741

EXEC_STAGE_NO_ISSUE_STALL_CYCLE_count, 0,       2241357
EXEC_STAGE_NO_ISSUE_STALL_CYCLE_total_count, 0,       6750433

EXEC_STAGE_NO_ISSUE_STALL_CYCLE_ONPATH_count, 0,       2234149
EXEC_STAGE_NO_ISSUE_STALL_CYCLE_ONPATH_total_count, 0,       6717572

FULL_WINDOW_STALL_count, 0,             0
FULL_WINDOW_STALL_pct, 0,        0.000
FULL_WINDOW_STALL_total_count, 0,          2350
FULL_WINDOW_STALL_total_pct, 0,        0.031

FULL_WINDOW_MEM_OP_count, 401,             0
FULL_WINDOW_MEM_OP_total_count, 401,          2068

FULL_WINDOW_FP_OP_count, 401,             0
FULL_WINDOW_FP_OP_total_count, 401,             0

FULL_WINDOW_OTHER_OP_count, 401,             0
FULL_WINDOW_OTHER_OP_total_count, 401,           209

RET_BLOCKED_DC_MISS_count, 0,        471099
RET_BLOCKED_DC_MISS_pct, 0,       18.575
RET_BLOCKED_DC_MISS_total_count, 0,       1447627
RET_BLOCKED_DC_MISS_total_pct, 0,       18.821

RET_BLOCKED_L1_MISS_count, 0,          1789
RET_BLOCKED_L1_MISS_pct, 0,        0.071
RET_BLOCKED_L1_MISS_total_count, 0,         18609
RET_BLOCKED_L1_MISS_total_pct, 0,        0.242

RET_BLOCKED_L1_MISS_BW_PREF_count, 0,          1747
RET_BLOCKED_L1_MISS_BW_PREF_pct, 0,        0.069
RET_BLOCKED_L1_MISS_BW_PREF_total_count, 0,          9076
RET_BLOCKED_L1_MISS_BW_PREF_total_pct, 0,        0.118

RET_BLOCKED_L1_ACCESS_count, 0,        471099
RET_BLOCKED_L1_ACCESS_pct, 0,       18.575
RET_BLOCKED_L1_ACCESS_total_count, 0,       1435429
RET_BLOCKED_L1_ACCESS_total_pct, 0,       18.663

RET_BLOCKED_MEM_STALL_count, 0,          6749
RET_BLOCKED_MEM_STALL_pct, 0,        0.266
RET_BLOCKED_MEM_STALL_total_count, 0,         34766
RET_BLOCKED_MEM_STALL_total_pct, 0,        0.452

RET_BLOCKED_OFFCHIP_DEMAND_count, 0,             0
RET_BLOCKED_OFFCHIP_DEMAND_pct, 0,        0.000
RET_BLOCKED_OFFCHIP_DEMAND_total_count, 0,             0
RET_BLOCKED_OFFCHIP_DEMAND_total_pct, 0,        0.000

OP_ISSUED_count, 0,      11714552
OP_ISSUED_total_count, 0,      35182116

OP_RETIRED_count, 0,      11696961
OP_RETIRED_total_count, 0,      35088741

OP_MACRO_FUSION_ONPATH_count, 0,       1476460
OP_MACRO_FUSION_ONPATH_total_count, 0,       4432786

OP_MACRO_FUSION_OFFPATH_count, 0,          6430
OP_MACRO_FUSION_OFFPATH_total_count, 0,         26458

REPLAY_SIGNALED_count, 0,             0
REPLAY_SIGNALED_total_count, 0,             0

REPLAY_COUNTED_count, 0,             0
REPLAY_COUNTED_total_count, 0,             0

OFF_CRITICAL_PATH_count, 402,             0
OFF_CRITICAL_PATH_total_count, 402,             0

ON_CRITICAL_PATH_count, 402,             0
ON_CRITICAL_PATH_total_count, 402,             0

LD_NO_DEPENDENTS_count, 403,        249801
LD_NO_DEPENDENTS_total_count, 403,        748878

LD_DEPENDENTS_count, 403,       1673500
LD_DEPENDENTS_total_count, 403,       5020704

LD_EXEC_CYCLES_0_count, 404,             0
LD_EXEC_CYCLES_0_total_count, 404,             0

LD_EXEC_CYCLES_1_count, 404,        188517
LD_EXEC_CYCLES_1_total_count, 404,        548939

LD_EXEC_CYCLES_2_count, 404,         23793
LD_EXEC_CYCLES_2_total_count, 404,         69336

LD_EXEC_CYCLES_3_count, 404,         14823
LD_EXEC_CYCLES_3_total_count, 404,         43170

LD_EXEC_CYCLES_4_count, 404,         44890
LD_EXEC_CYCLES_4_total_count, 404,        132447

LD_EXEC_MINUS_FETCH_LATENCY_count, 0,     157722823
LD_EXEC_MINUS_FETCH_LATENCY_total_count, 0,     473487641

LD_RETIRE_MINUS_FETCH_LATENCY_count, 0,     207692474
LD_RETIRE_MINUS_FETCH_LATENCY_total_count, 0,     624527524

ICACHE_STAGE_STARVED_count, 405,          2529
ICACHE_STAGE_STARVED_total_count, 405,         35380

ICACHE_STAGE_NOT_STARVED_count, 405,       2506912
ICACHE_STAGE_NOT_STARVED_total_count, 405,       7539998

ICACHE_STAGE_STALLED_count, 406,        922680
ICACHE_STAGE_STALLED_total_count, 406,       2788469

ICACHE_STAGE_NOT_STALLED_count, 406,       1586761
ICACHE_STAGE_NOT_STALLED_total_count, 406,       4786909

ICACHE_STAGE_OFF_PATH_count, 406,         26787
ICACHE_STAGE_OFF_PATH_total_count, 406,        116024

DECODE_STAGE_STARVED_count, 407,       2527721
DECODE_STAGE_STARVED_total_count, 407,       7642779

DECODE_STAGE_NOT_STARVED_count, 407,          1541
DECODE_STAGE_NOT_STARVED_total_count, 407,          7351

DECODE_STAGE_STALLED_count, 408,           171
DECODE_STAGE_STALLED_total_count, 408,           750

DECODE_STAGE_NOT_STALLED_count, 408,       2529091
DECODE_STAGE_NOT_STALLED_total_count, 408,       7649380

DECODE_STAGE_OFF_PATH_count, 408,          6966
DECODE_STAGE_OFF_PATH_total_count, 408,         41272

UOPQ_STAGE_STARVED_count, 409,         21144
UOPQ_STAGE_STARVED_total_count, 409,        116352

UOPQ_STAGE_NOT_STARVED_count, 409,       1573418
UOPQ_STAGE_NOT_STARVED_total_count, 409,       4714024

UOPQ_STAGE_STALLED_count, 410,        921542
UOPQ_STAGE_STALLED_total_count, 410,       2783513

UOPQ_STAGE_NOT_STALLED_count, 410,       1594562
UOPQ_STAGE_NOT_STALLED_total_count, 410,       4830376

UOPQ_STAGE_OFF_PATH_count, 410,         20124
UOPQ_STAGE_OFF_PATH_total_count, 410,         77513

RS_OP_READY_NOT_ISSUED_TOTAL_count, 0,       8702926
RS_OP_READY_NOT_ISSUED_TOTAL_total_count, 0,      25976714

RS_0_OP_READY_NOT_ISSUED_count, 0,       7667708
RS_0_OP_READY_NOT_ISSUED_total_count, 0,      22872208

RS_1_OP_READY_NOT_ISSUED_count, 0,         99628
RS_1_OP_READY_NOT_ISSUED_total_count, 0,        317711

RS_2_OP_READY_NOT_ISSUED_count, 0,        935590
RS_2_OP_READY_NOT_ISSUED_total_count, 0,       2786795

RS_3_OP_READY_NOT_ISSUED_count, 0,             0
RS_3_OP_READY_NOT_ISSUED_total_count, 0,             0

RS_4_OP_READY_NOT_ISSUED_count, 0,             0
RS_4_OP_READY_NOT_ISSUED_total_count, 0,             0

RS_5_OP_READY_NOT_ISSUED_count, 0,             0
RS_5_OP_READY_NOT_ISSUED_total_count, 0,             0

RS_6_OP_READY_NOT_ISSUED_count, 0,             0
RS_6_OP_READY_NOT_ISSUED_total_count, 0,             0

RS_7_OP_READY_NOT_ISSUED_count, 0,             0
RS_7_OP_READY_NOT_ISSUED_total_count, 0,             0

RS_7_PLUS_OP_READY_NOT_ISSUED_count, 0,             0
RS_7_PLUS_OP_READY_NOT_ISSUED_total_count, 0,             0

FU_IDLE_NO_READY_OPS_TOTAL_count, 0,       7524980
FU_IDLE_NO_READY_OPS_TOTAL_total_count, 0,      23241284

FU_0_IDLE_NO_READY_OPS_count, 0,        280860
FU_0_IDLE_NO_READY_OPS_total_count, 0,        889187

FU_1_IDLE_NO_READY_OPS_count, 0,        386818
FU_1_IDLE_NO_READY_OPS_total_count, 0,       1228709

FU_2_IDLE_NO_READY_OPS_count, 0,       1082349
FU_2_IDLE_NO_READY_OPS_total_count, 0,       3319241

FU_3_IDLE_NO_READY_OPS_count, 0,       1083746
FU_3_IDLE_NO_READY_OPS_total_count, 0,       3312727

FU_4_IDLE_NO_READY_OPS_count, 0,        418524
FU_4_IDLE_NO_READY_OPS_total_count, 0,       1307790

FU_5_IDLE_NO_READY_OPS_count, 0,        287512
FU_5_IDLE_NO_READY_OPS_total_count, 0,        926219

FU_6_IDLE_NO_READY_OPS_count, 0,       1258219
FU_6_IDLE_NO_READY_OPS_total_count, 0,       3852337

FU_7_IDLE_NO_READY_OPS_count, 0,       1250186
FU_7_IDLE_NO_READY_OPS_total_count, 0,       3840338

FU_8_IDLE_NO_READY_OPS_count, 0,        397113
FU_8_IDLE_NO_READY_OPS_total_count, 0,       1239161

FU_9_IDLE_NO_READY_OPS_count, 0,       1079653
FU_9_IDLE_NO_READY_OPS_total_count, 0,       3325575

FU_10_IDLE_NO_READY_OPS_count, 0,             0
FU_10_IDLE_NO_READY_OPS_total_count, 0,             0

FU_11_IDLE_NO_READY_OPS_count, 0,             0
FU_11_IDLE_NO_READY_OPS_total_count, 0,             0

FU_12_IDLE_NO_READY_OPS_count, 0,             0
FU_12_IDLE_NO_READY_OPS_total_count, 0,             0

FU_13_IDLE_NO_READY_OPS_count, 0,             0
FU_13_IDLE_NO_READY_OPS_total_count, 0,             0

FU_14_IDLE_NO_READY_OPS_count, 0,             0
FU_14_IDLE_NO_READY_OPS_total_count, 0,             0

FU_15_IDLE_NO_READY_OPS_count, 0,             0
FU_15_IDLE_NO_READY_OPS_total_count, 0,             0

FU_16_IDLE_NO_READY_OPS_count, 0,             0
FU_16_IDLE_NO_READY_OPS_total_count, 0,             0

FU_17_IDLE_NO_READY_OPS_count, 0,             0
FU_17_IDLE_NO_READY_OPS_total_count, 0,             0

FU_18_IDLE_NO_READY_OPS_count, 0,             0
FU_18_IDLE_NO_READY_OPS_total_count, 0,             0

FU_19_IDLE_NO_READY_OPS_count, 0,             0
FU_19_IDLE_NO_READY_OPS_total_count, 0,             0

FU_20_IDLE_NO_READY_OPS_count, 0,             0
FU_20_IDLE_NO_READY_OPS_total_count, 0,             0

FU_21_IDLE_NO_READY_OPS_count, 0,             0
FU_21_IDLE_NO_READY_OPS_total_count, 0,             0

FU_22_IDLE_NO_READY_OPS_count, 0,             0
FU_22_IDLE_NO_READY_OPS_total_count, 0,             0

FU_23_IDLE_NO_READY_OPS_count, 0,             0
FU_23_IDLE_NO_READY_OPS_total_count, 0,             0

FU_24_IDLE_NO_READY_OPS_count, 0,             0
FU_24_IDLE_NO_READY_OPS_total_count, 0,             0

FU_25_IDLE_NO_READY_OPS_count, 0,             0
FU_25_IDLE_NO_READY_OPS_total_count, 0,             0

FU_26_IDLE_NO_READY_OPS_count, 0,             0
FU_26_IDLE_NO_READY_OPS_total_count, 0,             0

FU_27_IDLE_NO_READY_OPS_count, 0,             0
FU_27_IDLE_NO_READY_OPS_total_count, 0,             0

FU_28_IDLE_NO_READY_OPS_count, 0,             0
FU_28_IDLE_NO_READY_OPS_total_count, 0,             0

FU_29_IDLE_NO_READY_OPS_count, 0,             0
FU_29_IDLE_NO_READY_OPS_total_count, 0,             0

FU_30_IDLE_NO_READY_OPS_count, 0,             0
FU_30_IDLE_NO_READY_OPS_total_count, 0,             0

FU_31_IDLE_NO_READY_OPS_count, 0,             0
FU_31_IDLE_NO_READY_OPS_total_count, 0,             0

FU_31_PLUS_IDLE_NO_READY_OPS_count, 0,             0
FU_31_PLUS_IDLE_NO_READY_OPS_total_count, 0,             0

MAP_STAGE_STARVED_count, 411,          3745
MAP_STAGE_STARVED_total_count, 411,         46273

MAP_STAGE_NOT_STARVED_count, 411,       1950378
MAP_STAGE_NOT_STARVED_total_count, 411,       5853177

MAP_STAGE_STALLED_count, 412,             0
MAP_STAGE_STALLED_total_count, 412,             0

MAP_STAGE_NOT_STALLED_count, 412,       1954123
MAP_STAGE_NOT_STALLED_total_count, 412,       5899450

MAP_STAGE_OFF_PATH_count, 412,         10546
MAP_STAGE_OFF_PATH_total_count, 412,         51009

MAP_STAGE_STALL_ITSELF_count, 413,        571559
MAP_STAGE_STALL_ITSELF_total_count, 413,       1740943

MAP_STAGE_NOT_STALL_ITSELF_count, 413,       1964669
MAP_STAGE_NOT_STALL_ITSELF_total_count, 413,       5950459

MAP_STAGE_LATE_ALLOCATE_SEND_BACK_count, 0,             0
MAP_STAGE_LATE_ALLOCATE_SEND_BACK_total_count, 0,             0

MAP_STAGE_RENAME_OP_ONPATH_count, 0,      11696741
MAP_STAGE_RENAME_OP_ONPATH_total_count, 0,      35088741

MAP_STAGE_RENAME_OP_OFFPATH_count, 0,         54352
MAP_STAGE_RENAME_OP_OFFPATH_total_count, 0,        229905

MAP_STAGE_RENAME_INT_REG_ONPATH_count, 0,       9993605
MAP_STAGE_RENAME_INT_REG_ONPATH_total_count, 0,      29978131

MAP_STAGE_RENAME_INT_REG_OFFPATH_count, 0,         45947
MAP_STAGE_RENAME_INT_REG_OFFPATH_total_count, 0,        173654

MAP_STAGE_RENAME_VEC_REG_ONPATH_count, 0,        211270
MAP_STAGE_RENAME_VEC_REG_ONPATH_total_count, 0,        633815

MAP_STAGE_RENAME_VEC_REG_OFFPATH_count, 0,          1233
MAP_STAGE_RENAME_VEC_REG_OFFPATH_total_count, 0,          4028

MAP_STAGE_RENAME_MOVE_ELIM_ONPATH_count, 0,             0
MAP_STAGE_RENAME_MOVE_ELIM_ONPATH_total_count, 0,             0

MAP_STAGE_RENAME_MOVE_ELIM_OFFPATH_count, 0,             0
MAP_STAGE_RENAME_MOVE_ELIM_OFFPATH_total_count, 0,             0

MAP_STAGE_ONPATH_INT_REG_NUM_ALLOC_count, 0,      10668950
MAP_STAGE_ONPATH_INT_REG_NUM_ALLOC_total_count, 0,      31958605

MAP_STAGE_ONPATH_VEC_REG_NUM_ALLOC_count, 0,        211272
MAP_STAGE_ONPATH_VEC_REG_NUM_ALLOC_total_count, 0,        633804

MAP_STAGE_ONPATH_INT_REG_NUM_SHORTLIVE_count, 0,       4034446
MAP_STAGE_ONPATH_INT_REG_NUM_SHORTLIVE_total_count, 0,      12117059

MAP_STAGE_ONPATH_VEC_REG_NUM_SHORTLIVE_count, 0,         74943
MAP_STAGE_ONPATH_VEC_REG_NUM_SHORTLIVE_total_count, 0,        224961

MAP_STAGE_ONPATH_INT_REG_USE_COUNT_0_count, 0,       2825515
MAP_STAGE_ONPATH_INT_REG_USE_COUNT_0_total_count, 0,       8431288

MAP_STAGE_ONPATH_VEC_REG_USE_COUNT_0_count, 0,         75411
MAP_STAGE_ONPATH_VEC_REG_USE_COUNT_0_total_count, 0,        226059

MAP_STAGE_ONPATH_INT_REG_USE_COUNT_1_count, 0,       5011598
MAP_STAGE_ONPATH_INT_REG_USE_COUNT_1_total_count, 0,      15033694

MAP_STAGE_ONPATH_VEC_REG_USE_COUNT_1_count, 0,        120811
MAP_STAGE_ONPATH_VEC_REG_USE_COUNT_1_total_count, 0,        362583

MAP_STAGE_ONPATH_INT_REG_USE_COUNT_2_count, 0,       1998914
MAP_STAGE_ONPATH_INT_REG_USE_COUNT_2_total_count, 0,       5994167

MAP_STAGE_ONPATH_VEC_REG_USE_COUNT_2_count, 0,             0
MAP_STAGE_ONPATH_VEC_REG_USE_COUNT_2_total_count, 0,            34

MAP_STAGE_ONPATH_INT_REG_USE_COUNT_3_count, 0,        295119
MAP_STAGE_ONPATH_INT_REG_USE_COUNT_3_total_count, 0,        887120

MAP_STAGE_ONPATH_VEC_REG_USE_COUNT_3_count, 0,             0
MAP_STAGE_ONPATH_VEC_REG_USE_COUNT_3_total_count, 0,             2

MAP_STAGE_ONPATH_INT_REG_USE_COUNT_4_count, 0,        204590
MAP_STAGE_ONPATH_INT_REG_USE_COUNT_4_total_count, 0,        613245

MAP_STAGE_ONPATH_VEC_REG_USE_COUNT_4_count, 0,         15050
MAP_STAGE_ONPATH_VEC_REG_USE_COUNT_4_total_count, 0,         45123

MAP_STAGE_ONPATH_INT_REG_USE_COUNT_5_count, 0,         75794
MAP_STAGE_ONPATH_INT_REG_USE_COUNT_5_total_count, 0,        227553

MAP_STAGE_ONPATH_VEC_REG_USE_COUNT_5_count, 0,             0
MAP_STAGE_ONPATH_VEC_REG_USE_COUNT_5_total_count, 0,             1

MAP_STAGE_ONPATH_INT_REG_USE_COUNT_6_count, 0,        121051
MAP_STAGE_ONPATH_INT_REG_USE_COUNT_6_total_count, 0,        362594

MAP_STAGE_ONPATH_VEC_REG_USE_COUNT_6_count, 0,             0
MAP_STAGE_ONPATH_VEC_REG_USE_COUNT_6_total_count, 0,             0

MAP_STAGE_ONPATH_INT_REG_USE_COUNT_7_PLUS_count, 0,        136369
MAP_STAGE_ONPATH_INT_REG_USE_COUNT_7_PLUS_total_count, 0,        408944

MAP_STAGE_ONPATH_VEC_REG_USE_COUNT_7_PLUS_count, 0,             0
MAP_STAGE_ONPATH_VEC_REG_USE_COUNT_7_PLUS_total_count, 0,             2

MAP_STAGE_ONPATH_INT_REG_CONSUME_DIST_0_count, 0,             0
MAP_STAGE_ONPATH_INT_REG_CONSUME_DIST_0_pct, 0,        0.000
MAP_STAGE_ONPATH_INT_REG_CONSUME_DIST_0_total_count, 0,             0
MAP_STAGE_ONPATH_INT_REG_CONSUME_DIST_0_total_pct, 0,        0.000

MAP_STAGE_ONPATH_VEC_REG_CONSUME_DIST_0_count, 0,             0
MAP_STAGE_ONPATH_VEC_REG_CONSUME_DIST_0_pct, 0,        0.000
MAP_STAGE_ONPATH_VEC_REG_CONSUME_DIST_0_total_count, 0,             0
MAP_STAGE_ONPATH_VEC_REG_CONSUME_DIST_0_total_pct, 0,        0.000

MAP_STAGE_ONPATH_INT_REG_CONSUME_DIST_1_count, 0,             0
MAP_STAGE_ONPATH_INT_REG_CONSUME_DIST_1_pct, 0,        0.000
MAP_STAGE_ONPATH_INT_REG_CONSUME_DIST_1_total_count, 0,             0
MAP_STAGE_ONPATH_INT_REG_CONSUME_DIST_1_total_pct, 0,        0.000

MAP_STAGE_ONPATH_VEC_REG_CONSUME_DIST_1_count, 0,             0
MAP_STAGE_ONPATH_VEC_REG_CONSUME_DIST_1_pct, 0,        0.000
MAP_STAGE_ONPATH_VEC_REG_CONSUME_DIST_1_total_count, 0,             0
MAP_STAGE_ONPATH_VEC_REG_CONSUME_DIST_1_total_pct, 0,        0.000

MAP_STAGE_ONPATH_INT_REG_CONSUME_DIST_2_count, 0,       4928845
MAP_STAGE_ONPATH_INT_REG_CONSUME_DIST_2_pct, 0,        2.466
MAP_STAGE_ONPATH_INT_REG_CONSUME_DIST_2_total_count, 0,      14909345
MAP_STAGE_ONPATH_INT_REG_CONSUME_DIST_2_total_pct, 0,        2.487

MAP_STAGE_ONPATH_VEC_REG_CONSUME_DIST_2_count, 0,             0
MAP_STAGE_ONPATH_VEC_REG_CONSUME_DIST_2_pct, 0,         -nan
MAP_STAGE_ONPATH_VEC_REG_CONSUME_DIST_2_total_count, 0,         26444
MAP_STAGE_ONPATH_VEC_REG_CONSUME_DIST_2_total_pct, 0,      777.765

MAP_STAGE_ONPATH_INT_REG_CONSUME_DIST_3_count, 0,       1457538
MAP_STAGE_ONPATH_INT_REG_CONSUME_DIST_3_pct, 0,        4.939
MAP_STAGE_ONPATH_INT_REG_CONSUME_DIST_3_total_count, 0,       4431106
MAP_STAGE_ONPATH_INT_REG_CONSUME_DIST_3_total_pct, 0,        4.995

MAP_STAGE_ONPATH_VEC_REG_CONSUME_DIST_3_count, 0,             0
MAP_STAGE_ONPATH_VEC_REG_CONSUME_DIST_3_pct, 0,         -nan
MAP_STAGE_ONPATH_VEC_REG_CONSUME_DIST_3_total_count, 0,          3908
MAP_STAGE_ONPATH_VEC_REG_CONSUME_DIST_3_total_pct, 0,     1954.000

MAP_STAGE_ONPATH_INT_REG_CONSUME_DIST_4_count, 0,       1659231
MAP_STAGE_ONPATH_INT_REG_CONSUME_DIST_4_pct, 0,        8.110
MAP_STAGE_ONPATH_INT_REG_CONSUME_DIST_4_total_count, 0,       5014048
MAP_STAGE_ONPATH_INT_REG_CONSUME_DIST_4_total_pct, 0,        8.176

MAP_STAGE_ONPATH_VEC_REG_CONSUME_DIST_4_count, 0,         15056
MAP_STAGE_ONPATH_VEC_REG_CONSUME_DIST_4_pct, 0,        1.000
MAP_STAGE_ONPATH_VEC_REG_CONSUME_DIST_4_total_count, 0,         45141
MAP_STAGE_ONPATH_VEC_REG_CONSUME_DIST_4_total_pct, 0,        1.000

MAP_STAGE_ONPATH_INT_REG_CONSUME_DIST_5_count, 0,        900410
MAP_STAGE_ONPATH_INT_REG_CONSUME_DIST_5_pct, 0,       11.880
MAP_STAGE_ONPATH_INT_REG_CONSUME_DIST_5_total_count, 0,       2743314
MAP_STAGE_ONPATH_INT_REG_CONSUME_DIST_5_total_pct, 0,       12.056

MAP_STAGE_ONPATH_VEC_REG_CONSUME_DIST_5_count, 0,             0
MAP_STAGE_ONPATH_VEC_REG_CONSUME_DIST_5_pct, 0,         -nan
MAP_STAGE_ONPATH_VEC_REG_CONSUME_DIST_5_total_count, 0,             3
MAP_STAGE_ONPATH_VEC_REG_CONSUME_DIST_5_total_pct, 0,        3.000

MAP_STAGE_ONPATH_INT_REG_CONSUME_DIST_6_count, 0,       2802634
MAP_STAGE_ONPATH_INT_REG_CONSUME_DIST_6_pct, 0,       23.153
MAP_STAGE_ONPATH_INT_REG_CONSUME_DIST_6_total_count, 0,       8431695
MAP_STAGE_ONPATH_INT_REG_CONSUME_DIST_6_total_pct, 0,       23.254

MAP_STAGE_ONPATH_VEC_REG_CONSUME_DIST_6_count, 0,             0
MAP_STAGE_ONPATH_VEC_REG_CONSUME_DIST_6_pct, 0,         -nan
MAP_STAGE_ONPATH_VEC_REG_CONSUME_DIST_6_total_count, 0,             0
MAP_STAGE_ONPATH_VEC_REG_CONSUME_DIST_6_total_pct, 0,         -nan

MAP_STAGE_ONPATH_INT_REG_CONSUME_DIST_7_PLUS_count, 0,       6665755
MAP_STAGE_ONPATH_INT_REG_CONSUME_DIST_7_PLUS_pct, 0,       48.880
MAP_STAGE_ONPATH_INT_REG_CONSUME_DIST_7_PLUS_total_count, 0,      20087622
MAP_STAGE_ONPATH_INT_REG_CONSUME_DIST_7_PLUS_total_pct, 0,       49.121

MAP_STAGE_ONPATH_VEC_REG_CONSUME_DIST_7_PLUS_count, 0,             0
MAP_STAGE_ONPATH_VEC_REG_CONSUME_DIST_7_PLUS_pct, 0,         -nan
MAP_STAGE_ONPATH_VEC_REG_CONSUME_DIST_7_PLUS_total_count, 0,          6529
MAP_STAGE_ONPATH_VEC_REG_CONSUME_DIST_7_PLUS_total_pct, 0,     3264.500

MAP_STAGE_INT_REG_ISSUE_READ_TOTAL_CONSUMED_count, 0,      13636814
MAP_STAGE_INT_REG_ISSUE_READ_TOTAL_CONSUMED_pct, 0,        6.084
MAP_STAGE_INT_REG_ISSUE_READ_TOTAL_CONSUMED_total_count, 0,      40926860
MAP_STAGE_INT_REG_ISSUE_READ_TOTAL_CONSUMED_total_pct, 0,        6.063

MAP_STAGE_VEC_REG_ISSUE_READ_TOTAL_CONSUMED_count, 0,        181178
MAP_STAGE_VEC_REG_ISSUE_READ_TOTAL_CONSUMED_pct, 0,        0.081
MAP_STAGE_VEC_REG_ISSUE_READ_TOTAL_CONSUMED_total_count, 0,        543776
MAP_STAGE_VEC_REG_ISSUE_READ_TOTAL_CONSUMED_total_pct, 0,        0.081

MAP_STAGE_INT_REG_ISSUE_READ_MULTI_CONSUMED_count, 0,       5784942
MAP_STAGE_INT_REG_ISSUE_READ_MULTI_CONSUMED_pct, 0,        2.581
MAP_STAGE_INT_REG_ISSUE_READ_MULTI_CONSUMED_total_count, 0,      17362754
MAP_STAGE_INT_REG_ISSUE_READ_MULTI_CONSUMED_total_pct, 0,        2.572

MAP_STAGE_VEC_REG_ISSUE_READ_MULTI_CONSUMED_count, 0,         45150
MAP_STAGE_VEC_REG_ISSUE_READ_MULTI_CONSUMED_pct, 0,        0.020
MAP_STAGE_VEC_REG_ISSUE_READ_MULTI_CONSUMED_total_count, 0,        135478
MAP_STAGE_VEC_REG_ISSUE_READ_MULTI_CONSUMED_total_pct, 0,        0.020

MAP_STAGE_INT_REG_ISSUE_READ_SAME_CYCLE_CONSUMED_count, 0,       2924786
MAP_STAGE_INT_REG_ISSUE_READ_SAME_CYCLE_CONSUMED_pct, 0,        1.305
MAP_STAGE_INT_REG_ISSUE_READ_SAME_CYCLE_CONSUMED_total_count, 0,       8780385
MAP_STAGE_INT_REG_ISSUE_READ_SAME_CYCLE_CONSUMED_total_pct, 0,        1.301

MAP_STAGE_VEC_REG_ISSUE_READ_SAME_CYCLE_CONSUMED_count, 0,         30094
MAP_STAGE_VEC_REG_ISSUE_READ_SAME_CYCLE_CONSUMED_pct, 0,        0.013
MAP_STAGE_VEC_REG_ISSUE_READ_SAME_CYCLE_CONSUMED_total_count, 0,         90249
MAP_STAGE_VEC_REG_ISSUE_READ_SAME_CYCLE_CONSUMED_total_pct, 0,        0.013

MAP_STAGE_INT_REG_ISSUE_READ_TOTAL_CONSUMED_ONPATH_count, 0,      13619067
MAP_STAGE_INT_REG_ISSUE_READ_TOTAL_CONSUMED_ONPATH_pct, 0,        6.096
MAP_STAGE_INT_REG_ISSUE_READ_TOTAL_CONSUMED_ONPATH_total_count, 0,      40851082
MAP_STAGE_INT_REG_ISSUE_READ_TOTAL_CONSUMED_ONPATH_total_pct, 0,        6.081

MAP_STAGE_VEC_REG_ISSUE_READ_TOTAL_CONSUMED_ONPATH_count, 0,        181011
MAP_STAGE_VEC_REG_ISSUE_READ_TOTAL_CONSUMED_ONPATH_pct, 0,        0.081
MAP_STAGE_VEC_REG_ISSUE_READ_TOTAL_CONSUMED_ONPATH_total_count, 0,        543213
MAP_STAGE_VEC_REG_ISSUE_READ_TOTAL_CONSUMED_ONPATH_total_pct, 0,        0.081

MAP_STAGE_INT_REG_ISSUE_READ_MULTI_CONSUMED_ONPATH_count, 0,       5775687
MAP_STAGE_INT_REG_ISSUE_READ_MULTI_CONSUMED_ONPATH_pct, 0,        2.585
MAP_STAGE_INT_REG_ISSUE_READ_MULTI_CONSUMED_ONPATH_total_count, 0,      17323736
MAP_STAGE_INT_REG_ISSUE_READ_MULTI_CONSUMED_ONPATH_total_pct, 0,        2.579

MAP_STAGE_VEC_REG_ISSUE_READ_MULTI_CONSUMED_ONPATH_count, 0,         45150
MAP_STAGE_VEC_REG_ISSUE_READ_MULTI_CONSUMED_ONPATH_pct, 0,        0.020
MAP_STAGE_VEC_REG_ISSUE_READ_MULTI_CONSUMED_ONPATH_total_count, 0,        135458
MAP_STAGE_VEC_REG_ISSUE_READ_MULTI_CONSUMED_ONPATH_total_pct, 0,        0.020

MAP_STAGE_INT_REG_ISSUE_READ_SAME_CYCLE_CONSUMED_ONPATH_count, 0,       2920164
MAP_STAGE_INT_REG_ISSUE_READ_SAME_CYCLE_CONSUMED_ONPATH_pct, 0,        1.307
MAP_STAGE_INT_REG_ISSUE_READ_SAME_CYCLE_CONSUMED_ONPATH_total_count, 0,       8761409
MAP_STAGE_INT_REG_ISSUE_READ_SAME_CYCLE_CONSUMED_ONPATH_total_pct, 0,        1.304

MAP_STAGE_VEC_REG_ISSUE_READ_SAME_CYCLE_CONSUMED_ONPATH_count, 0,         30094
MAP_STAGE_VEC_REG_ISSUE_READ_SAME_CYCLE_CONSUMED_ONPATH_pct, 0,        0.013
MAP_STAGE_VEC_REG_ISSUE_READ_SAME_CYCLE_CONSUMED_ONPATH_total_count, 0,         90243
MAP_STAGE_VEC_REG_ISSUE_READ_SAME_CYCLE_CONSUMED_ONPATH_total_pct, 0,        0.013

MAP_STAGE_ONPATH_INT_REG_LIFECYCLE_EMPTY_count, 0,     337522491
MAP_STAGE_ONPATH_INT_REG_LIFECYCLE_EMPTY_total_count, 0,    1011563747

MAP_STAGE_ONPATH_VEC_REG_LIFECYCLE_EMPTY_count, 0,      11657088
MAP_STAGE_ONPATH_VEC_REG_LIFECYCLE_EMPTY_total_count, 0,      35054602

MAP_STAGE_ONPATH_INT_REG_LIFECYCLE_IN_USE_count, 0,     436179366
MAP_STAGE_ONPATH_INT_REG_LIFECYCLE_IN_USE_total_count, 0,    1309384896

MAP_STAGE_ONPATH_VEC_REG_LIFECYCLE_IN_USE_count, 0,      18653366
MAP_STAGE_ONPATH_VEC_REG_LIFECYCLE_IN_USE_total_count, 0,      56064305

MAP_STAGE_ONPATH_INT_REG_LIFECYCLE_SPEC_RELEASE_count, 0,     596033631
MAP_STAGE_ONPATH_INT_REG_LIFECYCLE_SPEC_RELEASE_total_count, 0,    1793576718

MAP_STAGE_ONPATH_VEC_REG_LIFECYCLE_SPEC_RELEASE_count, 0,      26551924
MAP_STAGE_ONPATH_VEC_REG_LIFECYCLE_SPEC_RELEASE_total_count, 0,      80124221

MAP_STAGE_ONPATH_INT_REG_LIFECYCLE_NONSPEC_RELEASE_count, 0,     596033631
MAP_STAGE_ONPATH_INT_REG_LIFECYCLE_NONSPEC_RELEASE_total_count, 0,    1793576718

MAP_STAGE_ONPATH_VEC_REG_LIFECYCLE_NONSPEC_RELEASE_count, 0,      26551924
MAP_STAGE_ONPATH_VEC_REG_LIFECYCLE_NONSPEC_RELEASE_total_count, 0,      80124221

MAP_STAGE_ONPATH_INT_REG_LIFECYCLE_TOTAL_count, 0,     596033631
MAP_STAGE_ONPATH_INT_REG_LIFECYCLE_TOTAL_total_count, 0,    1793576718

MAP_STAGE_ONPATH_VEC_REG_LIFECYCLE_TOTAL_count, 0,      26551924
MAP_STAGE_ONPATH_VEC_REG_LIFECYCLE_TOTAL_total_count, 0,      80124221

MAP_STAGE_ONPATH_INT_REG_NUM_NONBRANCH_count, 0,      10668950
MAP_STAGE_ONPATH_INT_REG_NUM_NONBRANCH_total_count, 0,      31958605

MAP_STAGE_ONPATH_VEC_REG_NUM_NONBRANCH_count, 0,        211272
MAP_STAGE_ONPATH_VEC_REG_NUM_NONBRANCH_total_count, 0,        633804

MAP_STAGE_ONPATH_INT_REG_NUM_NONEXCEPT_count, 0,      10668950
MAP_STAGE_ONPATH_INT_REG_NUM_NONEXCEPT_total_count, 0,      31958605

MAP_STAGE_ONPATH_VEC_REG_NUM_NONEXCEPT_count, 0,        211272
MAP_STAGE_ONPATH_VEC_REG_NUM_NONEXCEPT_total_count, 0,        633804

MAP_STAGE_ONPATH_INT_REG_NUM_ATOMIC_count, 0,      10668950
MAP_STAGE_ONPATH_INT_REG_NUM_ATOMIC_total_count, 0,      31958605

MAP_STAGE_ONPATH_VEC_REG_NUM_ATOMIC_count, 0,        211272
MAP_STAGE_ONPATH_VEC_REG_NUM_ATOMIC_total_count, 0,        633804

MAP_STAGE_ONPATH_INT_REG_ATOMIC_REDEFINED_DIST_TOTAL_count, 0,     596033631
MAP_STAGE_ONPATH_INT_REG_ATOMIC_REDEFINED_DIST_TOTAL_pct, 0,       55.866
MAP_STAGE_ONPATH_INT_REG_ATOMIC_REDEFINED_DIST_TOTAL_total_count, 0,    1793576718
MAP_STAGE_ONPATH_INT_REG_ATOMIC_REDEFINED_DIST_TOTAL_total_pct, 0,       56.122

MAP_STAGE_ONPATH_VEC_REG_ATOMIC_REDEFINED_DIST_TOTAL_count, 0,      26551924
MAP_STAGE_ONPATH_VEC_REG_ATOMIC_REDEFINED_DIST_TOTAL_pct, 0,      125.676
MAP_STAGE_ONPATH_VEC_REG_ATOMIC_REDEFINED_DIST_TOTAL_total_count, 0,      80124221
MAP_STAGE_ONPATH_VEC_REG_ATOMIC_REDEFINED_DIST_TOTAL_total_pct, 0,      126.418

MAP_STAGE_ONPATH_INT_REG_ATOMIC_CONSUMED_DIST_TOTAL_count, 0,     436179366
MAP_STAGE_ONPATH_INT_REG_ATOMIC_CONSUMED_DIST_TOTAL_pct, 0,       40.883
MAP_STAGE_ONPATH_INT_REG_ATOMIC_CONSUMED_DIST_TOTAL_total_count, 0,    1309384896
MAP_STAGE_ONPATH_INT_REG_ATOMIC_CONSUMED_DIST_TOTAL_total_pct, 0,       40.971

MAP_STAGE_ONPATH_VEC_REG_ATOMIC_CONSUMED_DIST_TOTAL_count, 0,      18653366
MAP_STAGE_ONPATH_VEC_REG_ATOMIC_CONSUMED_DIST_TOTAL_pct, 0,       88.291
MAP_STAGE_ONPATH_VEC_REG_ATOMIC_CONSUMED_DIST_TOTAL_total_count, 0,      56064305
MAP_STAGE_ONPATH_VEC_REG_ATOMIC_CONSUMED_DIST_TOTAL_total_pct, 0,       88.457

MAP_STAGE_ONPATH_INT_REG_ATOMIC_RELEASE_DIST_TOTAL_count, 0,     596033631
MAP_STAGE_ONPATH_INT_REG_ATOMIC_RELEASE_DIST_TOTAL_pct, 0,       55.866
MAP_STAGE_ONPATH_INT_REG_ATOMIC_RELEASE_DIST_TOTAL_total_count, 0,    1793576718
MAP_STAGE_ONPATH_INT_REG_ATOMIC_RELEASE_DIST_TOTAL_total_pct, 0,       56.122

MAP_STAGE_ONPATH_VEC_REG_ATOMIC_RELEASE_DIST_TOTAL_count, 0,      26551924
MAP_STAGE_ONPATH_VEC_REG_ATOMIC_RELEASE_DIST_TOTAL_pct, 0,      125.676
MAP_STAGE_ONPATH_VEC_REG_ATOMIC_RELEASE_DIST_TOTAL_total_count, 0,      80124221
MAP_STAGE_ONPATH_VEC_REG_ATOMIC_RELEASE_DIST_TOTAL_total_pct, 0,      126.418

EXEC_STAGE_STARVED_count, 414,       1855302
EXEC_STAGE_STARVED_total_count, 414,       5625648

EXEC_STAGE_NOT_STARVED_count, 414,        673008
EXEC_STAGE_NOT_STARVED_total_count, 414,       2022984

EXEC_STAGE_OFF_PATH_count, 414,          7918
EXEC_STAGE_OFF_PATH_total_count, 414,         42770

FU_BUSY_0_count, 0,       1932023
FU_BUSY_0_total_count, 0,       5799554

FU_BUSY_1_count, 0,       1778711
FU_BUSY_1_total_count, 0,       5346395

FU_BUSY_2_count, 0,        685107
FU_BUSY_2_total_count, 0,       2048047

FU_BUSY_3_count, 0,        679013
FU_BUSY_3_total_count, 0,       2068025

FU_BUSY_4_count, 0,       1649461
FU_BUSY_4_total_count, 0,       4970294

FU_BUSY_5_count, 0,       1951752
FU_BUSY_5_total_count, 0,       5854093

FU_BUSY_6_count, 0,        697287
FU_BUSY_6_total_count, 0,       2097807

FU_BUSY_7_count, 0,        703863
FU_BUSY_7_total_count, 0,       2105208

FU_BUSY_8_count, 0,       1700795
FU_BUSY_8_total_count, 0,       5108068

FU_BUSY_9_count, 0,        686185
FU_BUSY_9_total_count, 0,       2048693

FU_BUSY_10_count, 0,             0
FU_BUSY_10_total_count, 0,             0

FU_BUSY_11_count, 0,             0
FU_BUSY_11_total_count, 0,             0

FU_BUSY_12_count, 0,             0
FU_BUSY_12_total_count, 0,             0

FU_BUSY_13_count, 0,             0
FU_BUSY_13_total_count, 0,             0

FU_BUSY_14_count, 0,             0
FU_BUSY_14_total_count, 0,             0

FU_BUSY_15_count, 0,             0
FU_BUSY_15_total_count, 0,             0

FU_BUSY_16_count, 0,             0
FU_BUSY_16_total_count, 0,             0

FU_BUSY_17_count, 0,             0
FU_BUSY_17_total_count, 0,             0

FU_BUSY_18_count, 0,             0
FU_BUSY_18_total_count, 0,             0

FU_BUSY_19_count, 0,             0
FU_BUSY_19_total_count, 0,             0

FU_BUSY_20_count, 0,             0
FU_BUSY_20_total_count, 0,             0

FU_BUSY_21_count, 0,             0
FU_BUSY_21_total_count, 0,             0

FU_BUSY_22_count, 0,             0
FU_BUSY_22_total_count, 0,             0

FU_BUSY_23_count, 0,             0
FU_BUSY_23_total_count, 0,             0

FU_BUSY_24_count, 0,             0
FU_BUSY_24_total_count, 0,             0

FU_BUSY_25_count, 0,             0
FU_BUSY_25_total_count, 0,             0

FU_BUSY_26_count, 0,             0
FU_BUSY_26_total_count, 0,             0

FU_BUSY_27_count, 0,             0
FU_BUSY_27_total_count, 0,             0

FU_BUSY_28_count, 0,             0
FU_BUSY_28_total_count, 0,             0

FU_BUSY_29_count, 0,             0
FU_BUSY_29_total_count, 0,             0

FU_BUSY_30_count, 0,             0
FU_BUSY_30_total_count, 0,             0

FU_BUSY_31_count, 0,             0
FU_BUSY_31_total_count, 0,             0

FU_REJECTED_OP_INV_NOT_SIMD_count, 415,             0
FU_REJECTED_OP_INV_NOT_SIMD_total_count, 415,             0

FU_REJECTED_OP_NOP_NOT_SIMD_count, 415,          9669
FU_REJECTED_OP_NOP_NOT_SIMD_total_count, 415,         29481

FU_REJECTED_OP_CF_NOT_SIMD_count, 415,            15
FU_REJECTED_OP_CF_NOT_SIMD_total_count, 415,            96

FU_REJECTED_OP_MOV_NOT_SIMD_count, 415,         71848
FU_REJECTED_OP_MOV_NOT_SIMD_total_count, 415,        216281

FU_REJECTED_OP_CMOV_NOT_SIMD_count, 415,             0
FU_REJECTED_OP_CMOV_NOT_SIMD_total_count, 415,             0

FU_REJECTED_OP_LDA_NOT_SIMD_count, 415,         69571
FU_REJECTED_OP_LDA_NOT_SIMD_total_count, 415,        204711

FU_REJECTED_OP_IMEM_NOT_SIMD_count, 415,         47949
FU_REJECTED_OP_IMEM_NOT_SIMD_total_count, 415,        150835

FU_REJECTED_OP_IADD_NOT_SIMD_count, 415,         31555
FU_REJECTED_OP_IADD_NOT_SIMD_total_count, 415,         95516

FU_REJECTED_OP_IMUL_NOT_SIMD_count, 415,        141371
FU_REJECTED_OP_IMUL_NOT_SIMD_total_count, 415,        422131

FU_REJECTED_OP_IDIV_NOT_SIMD_count, 415,             0
FU_REJECTED_OP_IDIV_NOT_SIMD_total_count, 415,            31

FU_REJECTED_OP_ICMP_NOT_SIMD_count, 415,             0
FU_REJECTED_OP_ICMP_NOT_SIMD_total_count, 415,            14

FU_REJECTED_OP_LOGIC_NOT_SIMD_count, 415,         65557
FU_REJECTED_OP_LOGIC_NOT_SIMD_total_count, 415,        196070

FU_REJECTED_OP_SHIFT_NOT_SIMD_count, 415,        151105
FU_REJECTED_OP_SHIFT_NOT_SIMD_total_count, 415,        451795

FU_REJECTED_OP_FMEM_NOT_SIMD_count, 415,            15
FU_REJECTED_OP_FMEM_NOT_SIMD_total_count, 415,            52

FU_REJECTED_OP_FCVT_NOT_SIMD_count, 415,             0
FU_REJECTED_OP_FCVT_NOT_SIMD_total_count, 415,             0

FU_REJECTED_OP_FADD_NOT_SIMD_count, 415,             0
FU_REJECTED_OP_FADD_NOT_SIMD_total_count, 415,             0

FU_REJECTED_OP_FMUL_NOT_SIMD_count, 415,             0
FU_REJECTED_OP_FMUL_NOT_SIMD_total_count, 415,             0

FU_REJECTED_OP_FMA_NOT_SIMD_count, 415,             0
FU_REJECTED_OP_FMA_NOT_SIMD_total_count, 415,             0

FU_REJECTED_OP_FDIV_NOT_SIMD_count, 415,             0
FU_REJECTED_OP_FDIV_NOT_SIMD_total_count, 415,             0

FU_REJECTED_OP_FCMP_NOT_SIMD_count, 415,             0
FU_REJECTED_OP_FCMP_NOT_SIMD_total_count, 415,             0

FU_REJECTED_OP_FCMOV_NOT_SIMD_count, 415,             0
FU_REJECTED_OP_FCMOV_NOT_SIMD_total_count, 415,             0

FU_REJECTED_OP_GATHER_NOT_SIMD_count, 415,             0
FU_REJECTED_OP_GATHER_NOT_SIMD_total_count, 415,             0

FU_REJECTED_OP_SCATTER_NOT_SIMD_count, 415,             0
FU_REJECTED_OP_SCATTER_NOT_SIMD_total_count, 415,             0

FU_REJECTED_OP_PIPELINED_FAST_NOT_SIMD_count, 415,             0
FU_REJECTED_OP_PIPELINED_FAST_NOT_SIMD_total_count, 415,             0

FU_REJECTED_OP_PIPELINED_MEDIUM_NOT_SIMD_count, 415,             0
FU_REJECTED_OP_PIPELINED_MEDIUM_NOT_SIMD_total_count, 415,             0

FU_REJECTED_OP_PIPELINED_SLOW_NOT_SIMD_count, 415,             0
FU_REJECTED_OP_PIPELINED_SLOW_NOT_SIMD_total_count, 415,             0

FU_REJECTED_OP_NOTPIPELINED_MEDIUM_NOT_SIMD_count, 415,             0
FU_REJECTED_OP_NOTPIPELINED_MEDIUM_NOT_SIMD_total_count, 415,             0

FU_REJECTED_OP_NOTPIPELINED_SLOW_NOT_SIMD_count, 415,             0
FU_REJECTED_OP_NOTPIPELINED_SLOW_NOT_SIMD_total_count, 415,             0

FU_REJECTED_OP_NOTPIPELINED_VERY_SLOW_NOT_SIMD_count, 415,             0
FU_REJECTED_OP_NOTPIPELINED_VERY_SLOW_NOT_SIMD_total_count, 415,             0

FU_REJECTED_OP_INV_SIMD_count, 415,             0
FU_REJECTED_OP_INV_SIMD_total_count, 415,             0

FU_REJECTED_OP_NOP_SIMD_count, 415,             0
FU_REJECTED_OP_NOP_SIMD_total_count, 415,          3443

FU_REJECTED_OP_CF_SIMD_count, 415,             0
FU_REJECTED_OP_CF_SIMD_total_count, 415,             0

FU_REJECTED_OP_MOV_SIMD_count, 415,            11
FU_REJECTED_OP_MOV_SIMD_total_count, 415,            35

FU_REJECTED_OP_CMOV_SIMD_count, 415,             0
FU_REJECTED_OP_CMOV_SIMD_total_count, 415,             0

FU_REJECTED_OP_LDA_SIMD_count, 415,             0
FU_REJECTED_OP_LDA_SIMD_total_count, 415,             0

FU_REJECTED_OP_IMEM_SIMD_count, 415,             0
FU_REJECTED_OP_IMEM_SIMD_total_count, 415,             0

FU_REJECTED_OP_IADD_SIMD_count, 415,             0
FU_REJECTED_OP_IADD_SIMD_total_count, 415,             0

FU_REJECTED_OP_IMUL_SIMD_count, 415,             0
FU_REJECTED_OP_IMUL_SIMD_total_count, 415,             0

FU_REJECTED_OP_IDIV_SIMD_count, 415,             0
FU_REJECTED_OP_IDIV_SIMD_total_count, 415,             0

FU_REJECTED_OP_ICMP_SIMD_count, 415,             0
FU_REJECTED_OP_ICMP_SIMD_total_count, 415,             0

FU_REJECTED_OP_LOGIC_SIMD_count, 415,             0
FU_REJECTED_OP_LOGIC_SIMD_total_count, 415,             0

FU_REJECTED_OP_SHIFT_SIMD_count, 415,             0
FU_REJECTED_OP_SHIFT_SIMD_total_count, 415,             0

FU_REJECTED_OP_FMEM_SIMD_count, 415,             0
FU_REJECTED_OP_FMEM_SIMD_total_count, 415,             0

FU_REJECTED_OP_FCVT_SIMD_count, 415,             0
FU_REJECTED_OP_FCVT_SIMD_total_count, 415,             8

FU_REJECTED_OP_FADD_SIMD_count, 415,             0
FU_REJECTED_OP_FADD_SIMD_total_count, 415,           557

FU_REJECTED_OP_FMUL_SIMD_count, 415,             0
FU_REJECTED_OP_FMUL_SIMD_total_count, 415,             0

FU_REJECTED_OP_FMA_SIMD_count, 415,             0
FU_REJECTED_OP_FMA_SIMD_total_count, 415,             0

FU_REJECTED_OP_FDIV_SIMD_count, 415,             0
FU_REJECTED_OP_FDIV_SIMD_total_count, 415,             0

FU_REJECTED_OP_FCMP_SIMD_count, 415,             0
FU_REJECTED_OP_FCMP_SIMD_total_count, 415,             0

FU_REJECTED_OP_FCMOV_SIMD_count, 415,             0
FU_REJECTED_OP_FCMOV_SIMD_total_count, 415,             0

FU_REJECTED_OP_GATHER_SIMD_count, 415,             0
FU_REJECTED_OP_GATHER_SIMD_total_count, 415,             0

FU_REJECTED_OP_SCATTER_SIMD_count, 415,             0
FU_REJECTED_OP_SCATTER_SIMD_total_count, 415,             0

FU_REJECTED_OP_PIPELINED_FAST_SIMD_count, 415,             0
FU_REJECTED_OP_PIPELINED_FAST_SIMD_total_count, 415,             0

FU_REJECTED_OP_PIPELINED_MEDIUM_SIMD_count, 415,             0
FU_REJECTED_OP_PIPELINED_MEDIUM_SIMD_total_count, 415,             0

FU_REJECTED_OP_PIPELINED_SLOW_SIMD_count, 415,             0
FU_REJECTED_OP_PIPELINED_SLOW_SIMD_total_count, 415,             0

FU_REJECTED_OP_NOTPIPELINED_MEDIUM_SIMD_count, 415,             0
FU_REJECTED_OP_NOTPIPELINED_MEDIUM_SIMD_total_count, 415,             0

FU_REJECTED_OP_NOTPIPELINED_SLOW_SIMD_count, 415,             0
FU_REJECTED_OP_NOTPIPELINED_SLOW_SIMD_total_count, 415,             0

FU_REJECTED_OP_NOTPIPELINED_VERY_SLOW_SIMD_count, 415,             0
FU_REJECTED_OP_NOTPIPELINED_VERY_SLOW_SIMD_total_count, 415,             0

LSQ_FULL_TOTAL_count, 0,             0
LSQ_FULL_TOTAL_total_count, 0,            19

LSQ_FULL_LOAD_QUEUE_count, 0,             0
LSQ_FULL_LOAD_QUEUE_total_count, 0,             0

LSQ_FULL_STORE_QUEUE_count, 0,             0
LSQ_FULL_STORE_QUEUE_total_count, 0,            19

OP_WAIT_0_count, 0,       8515792
OP_WAIT_0_total_count, 0,      25560037

OP_WAIT_1_count, 0,       1071260
OP_WAIT_1_total_count, 0,       3238844

OP_WAIT_2_count, 0,        455315
OP_WAIT_2_total_count, 0,       1368996

OP_WAIT_3_count, 0,        322475
OP_WAIT_3_total_count, 0,        961997

OP_WAIT_4_count, 0,        203153
OP_WAIT_4_total_count, 0,        606321

OP_WAIT_5_count, 0,        165520
OP_WAIT_5_total_count, 0,        495195

OP_WAIT_6_count, 0,        137069
OP_WAIT_6_total_count, 0,        406681

OP_WAIT_7_count, 0,         82674
OP_WAIT_7_total_count, 0,        246008

OP_WAIT_8_count, 0,         64330
OP_WAIT_8_total_count, 0,        191651

OP_WAIT_9_count, 0,         73114
OP_WAIT_9_total_count, 0,        214448

OP_WAIT_10_count, 0,         61612
OP_WAIT_10_total_count, 0,        182658

OP_WAIT_11_count, 0,         55824
OP_WAIT_11_total_count, 0,        164503

OP_WAIT_12_count, 0,         54621
OP_WAIT_12_total_count, 0,        161300

OP_WAIT_13_count, 0,         57056
OP_WAIT_13_total_count, 0,        169715

OP_WAIT_14_count, 0,         54165
OP_WAIT_14_total_count, 0,        161025

OP_WAIT_15_count, 0,         51766
OP_WAIT_15_total_count, 0,        152273

OP_WAIT_16_count, 0,         29748
OP_WAIT_16_total_count, 0,         86778

OP_WAIT_17_count, 0,         14293
OP_WAIT_17_total_count, 0,         42580

OP_WAIT_18_count, 0,         15505
OP_WAIT_18_total_count, 0,         46213

OP_WAIT_19_count, 0,         10516
OP_WAIT_19_total_count, 0,         31252

OP_WAIT_20_count, 0,         20923
OP_WAIT_20_total_count, 0,         62354

OP_WAIT_21_count, 0,         16372
OP_WAIT_21_total_count, 0,         48589

OP_WAIT_22_count, 0,          9886
OP_WAIT_22_total_count, 0,         29175

OP_WAIT_23_count, 0,         20350
OP_WAIT_23_total_count, 0,         59000

OP_WAIT_24_count, 0,           228
OP_WAIT_24_total_count, 0,          1429

OP_WAIT_25_count, 0,           231
OP_WAIT_25_total_count, 0,           982

OP_WAIT_26_count, 0,           211
OP_WAIT_26_total_count, 0,           706

OP_WAIT_27_count, 0,         13108
OP_WAIT_27_total_count, 0,         38996

OP_WAIT_28_count, 0,         10413
OP_WAIT_28_total_count, 0,         31225

OP_WAIT_29_count, 0,         18351
OP_WAIT_29_total_count, 0,         52852

OP_WAIT_30_count, 0,          8516
OP_WAIT_30_total_count, 0,         25944

OP_WAIT_31_count, 0,         82564
OP_WAIT_31_total_count, 0,        249014

ROW_SIZE_0_count, 0,        774929
ROW_SIZE_0_total_count, 0,       2371223

ROW_SIZE_1_count, 0,        240679
ROW_SIZE_1_total_count, 0,        727093

ROW_SIZE_2_count, 0,         35978
ROW_SIZE_2_total_count, 0,        112465

ROW_SIZE_3_count, 0,         34698
ROW_SIZE_3_total_count, 0,        105285

ROW_SIZE_4_count, 0,         20329
ROW_SIZE_4_total_count, 0,         62115

ROW_SIZE_5_count, 0,         16047
ROW_SIZE_5_total_count, 0,         48330

ROW_SIZE_6_count, 0,         68819
ROW_SIZE_6_total_count, 0,        205080

ROW_SIZE_7_count, 0,         39049
ROW_SIZE_7_total_count, 0,        120039

ROW_SIZE_8_count, 0,       1304053
ROW_SIZE_8_total_count, 0,       3907500

ROW_SIZE_9_count, 0,             0
ROW_SIZE_9_total_count, 0,             0

ROW_SIZE_10_count, 0,             0
ROW_SIZE_10_total_count, 0,             0

ROW_SIZE_11_count, 0,             0
ROW_SIZE_11_total_count, 0,             0

ROW_SIZE_12_count, 0,             0
ROW_SIZE_12_total_count, 0,             0

ROW_SIZE_13_count, 0,             0
ROW_SIZE_13_total_count, 0,             0

ROW_SIZE_14_count, 0,             0
ROW_SIZE_14_total_count, 0,             0

ROW_SIZE_15_count, 0,             0
ROW_SIZE_15_total_count, 0,             0

ROW_SIZE_16_count, 0,             0
ROW_SIZE_16_total_count, 0,             0

ROW_SIZE_17_count, 0,             0
ROW_SIZE_17_total_count, 0,             0

ROW_SIZE_18_count, 0,             0
ROW_SIZE_18_total_count, 0,             0

ROW_SIZE_19_count, 0,             0
ROW_SIZE_19_total_count, 0,             0

ROW_SIZE_20_count, 0,             0
ROW_SIZE_20_total_count, 0,             0

ROW_SIZE_21_count, 0,             0
ROW_SIZE_21_total_count, 0,             0

ROW_SIZE_22_count, 0,             0
ROW_SIZE_22_total_count, 0,             0

ROW_SIZE_23_count, 0,             0
ROW_SIZE_23_total_count, 0,             0

ROW_SIZE_24_count, 0,             0
ROW_SIZE_24_total_count, 0,             0

ROW_SIZE_25_count, 0,             0
ROW_SIZE_25_total_count, 0,             0

ROW_SIZE_26_count, 0,             0
ROW_SIZE_26_total_count, 0,             0

ROW_SIZE_27_count, 0,             0
ROW_SIZE_27_total_count, 0,             0

ROW_SIZE_28_count, 0,             0
ROW_SIZE_28_total_count, 0,             0

ROW_SIZE_29_count, 0,             0
ROW_SIZE_29_total_count, 0,             0

ROW_SIZE_30_count, 0,             0
ROW_SIZE_30_total_count, 0,             0

ROW_SIZE_31_count, 0,             0
ROW_SIZE_31_total_count, 0,             0

RET_OP_EXEC_COUNT_0_count, 416,             0
RET_OP_EXEC_COUNT_0_total_count, 416,             0

RET_OP_EXEC_COUNT_1_count, 416,      11696961
RET_OP_EXEC_COUNT_1_total_count, 416,      35088741

RET_OP_EXEC_COUNT_2_count, 416,             0
RET_OP_EXEC_COUNT_2_total_count, 416,             0

RET_OP_EXEC_COUNT_3_count, 416,             0
RET_OP_EXEC_COUNT_3_total_count, 416,             0

RET_OP_EXEC_COUNT_4_count, 416,             0
RET_OP_EXEC_COUNT_4_total_count, 416,             0

RET_OP_EXEC_COUNT_5_count, 416,             0
RET_OP_EXEC_COUNT_5_total_count, 416,             0

RET_OP_EXEC_COUNT_6_count, 416,             0
RET_OP_EXEC_COUNT_6_total_count, 416,             0

RET_OP_EXEC_COUNT_7_count, 416,             0
RET_OP_EXEC_COUNT_7_total_count, 416,             0

RET_OP_EXEC_COUNT_8_count, 416,             0
RET_OP_EXEC_COUNT_8_total_count, 416,             0

RET_OP_EXEC_COUNT_9_count, 416,             0
RET_OP_EXEC_COUNT_9_total_count, 416,             0

RET_OP_EXEC_COUNT_10_count, 416,             0
RET_OP_EXEC_COUNT_10_total_count, 416,             0

RET_OP_EXEC_COUNT_11_count, 416,             0
RET_OP_EXEC_COUNT_11_total_count, 416,             0

RET_OP_EXEC_COUNT_12_count, 416,             0
RET_OP_EXEC_COUNT_12_total_count, 416,             0

RET_OP_EXEC_COUNT_13_count, 416,             0
RET_OP_EXEC_COUNT_13_total_count, 416,             0

RET_OP_EXEC_COUNT_14_count, 416,             0
RET_OP_EXEC_COUNT_14_total_count, 416,             0

RET_OP_EXEC_COUNT_15_count, 416,             0
RET_OP_EXEC_COUNT_15_total_count, 416,             0

RET_OP_EXEC_COUNT_16_count, 416,             0
RET_OP_EXEC_COUNT_16_total_count, 416,             0

RET_OP_EXEC_COUNT_17_count, 416,             0
RET_OP_EXEC_COUNT_17_total_count, 416,             0

RET_OP_EXEC_COUNT_18_count, 416,             0
RET_OP_EXEC_COUNT_18_total_count, 416,             0

RET_OP_EXEC_COUNT_19_count, 416,             0
RET_OP_EXEC_COUNT_19_total_count, 416,             0

RET_OP_EXEC_COUNT_20_count, 416,             0
RET_OP_EXEC_COUNT_20_total_count, 416,             0

RET_OP_EXEC_COUNT_21_count, 416,             0
RET_OP_EXEC_COUNT_21_total_count, 416,             0

RET_OP_EXEC_COUNT_22_count, 416,             0
RET_OP_EXEC_COUNT_22_total_count, 416,             0

RET_OP_EXEC_COUNT_23_count, 416,             0
RET_OP_EXEC_COUNT_23_total_count, 416,             0

RET_OP_EXEC_COUNT_24_count, 416,             0
RET_OP_EXEC_COUNT_24_total_count, 416,             0

RET_OP_EXEC_COUNT_25_count, 416,             0
RET_OP_EXEC_COUNT_25_total_count, 416,             0

RET_OP_EXEC_COUNT_26_count, 416,             0
RET_OP_EXEC_COUNT_26_total_count, 416,             0

RET_OP_EXEC_COUNT_27_count, 416,             0
RET_OP_EXEC_COUNT_27_total_count, 416,             0

RET_OP_EXEC_COUNT_28_count, 416,             0
RET_OP_EXEC_COUNT_28_total_count, 416,             0

RET_OP_EXEC_COUNT_29_count, 416,             0
RET_OP_EXEC_COUNT_29_total_count, 416,             0

RET_OP_EXEC_COUNT_30_count, 416,             0
RET_OP_EXEC_COUNT_30_total_count, 416,             0

RET_OP_EXEC_COUNT_31_count, 416,             0
RET_OP_EXEC_COUNT_31_total_count, 416,             0

RET_OP_EXEC_COUNT_32_count, 416,             0
RET_OP_EXEC_COUNT_32_total_count, 416,             0

RET_STALL_LENGTH_0_count, 417,      11696954
RET_STALL_LENGTH_0_total_count, 417,      35088618

RET_STALL_LENGTH_100_count, 417,             4
RET_STALL_LENGTH_100_total_count, 417,            91

RET_STALL_LENGTH_200_count, 417,             1
RET_STALL_LENGTH_200_total_count, 417,            16

RET_STALL_LENGTH_300_count, 417,             2
RET_STALL_LENGTH_300_total_count, 417,             5

RET_STALL_LENGTH_400_count, 417,             0
RET_STALL_LENGTH_400_total_count, 417,             4

RET_STALL_LENGTH_500_count, 417,             0
RET_STALL_LENGTH_500_total_count, 417,             2

RET_STALL_LENGTH_600_count, 417,             0
RET_STALL_LENGTH_600_total_count, 417,             0

RET_STALL_LENGTH_700_count, 417,             0
RET_STALL_LENGTH_700_total_count, 417,             3

RET_STALL_LENGTH_800_count, 417,             0
RET_STALL_LENGTH_800_total_count, 417,             1

RET_STALL_LENGTH_900_count, 417,             0
RET_STALL_LENGTH_900_total_count, 417,             0

RET_STALL_LENGTH_1000_count, 417,             0
RET_STALL_LENGTH_1000_total_count, 417,             1

RET_STALL_LENGTH_1100_count, 417,             0
RET_STALL_LENGTH_1100_total_count, 417,             0

RET_STALL_LENGTH_1200_count, 417,             0
RET_STALL_LENGTH_1200_total_count, 417,             0

RET_STALL_LENGTH_1300_count, 417,             0
RET_STALL_LENGTH_1300_total_count, 417,             0

RET_STALL_LENGTH_1400_count, 417,             0
RET_STALL_LENGTH_1400_total_count, 417,             0

RET_STALL_LENGTH_1500_count, 417,             0
RET_STALL_LENGTH_1500_total_count, 417,             0

RET_STALL_LENGTH_1600_count, 417,             0
RET_STALL_LENGTH_1600_total_count, 417,             0

RET_STALL_LENGTH_1700_count, 417,             0
RET_STALL_LENGTH_1700_total_count, 417,             0

RET_STALL_LENGTH_1800_count, 417,             0
RET_STALL_LENGTH_1800_total_count, 417,             0

RET_STALL_LENGTH_1900_count, 417,             0
RET_STALL_LENGTH_1900_total_count, 417,             0

RET_STALL_LENGTH_2000_count, 417,             0
RET_STALL_LENGTH_2000_total_count, 417,             0

RET_STALL_LENGTH_2100_count, 417,             0
RET_STALL_LENGTH_2100_total_count, 417,             0

RET_STALL_LENGTH_2200_count, 417,             0
RET_STALL_LENGTH_2200_total_count, 417,             0

RET_STALL_LENGTH_2300_count, 417,             0
RET_STALL_LENGTH_2300_total_count, 417,             0

RET_STALL_LENGTH_2400_count, 417,             0
RET_STALL_LENGTH_2400_total_count, 417,             0

RET_STALL_LENGTH_2500_count, 417,             0
RET_STALL_LENGTH_2500_total_count, 417,             0

RET_STALL_LENGTH_2600_count, 417,             0
RET_STALL_LENGTH_2600_total_count, 417,             0

RET_STALL_LENGTH_2700_count, 417,             0
RET_STALL_LENGTH_2700_total_count, 417,             0

RET_STALL_LENGTH_2800_count, 417,             0
RET_STALL_LENGTH_2800_total_count, 417,             0

RET_STALL_LENGTH_2900_count, 417,             0
RET_STALL_LENGTH_2900_total_count, 417,             0

RET_STALL_LENGTH_3000_count, 417,             0
RET_STALL_LENGTH_3000_total_count, 417,             0

RET_STALL_LENGTH_3100_count, 417,             0
RET_STALL_LENGTH_3100_total_count, 417,             0

RET_STALL_LENGTH_3200_count, 417,             0
RET_STALL_LENGTH_3200_total_count, 417,             0

RET_STALL_LENGTH_3300_count, 417,             0
RET_STALL_LENGTH_3300_total_count, 417,             0

RET_STALL_LENGTH_3400_count, 417,             0
RET_STALL_LENGTH_3400_total_count, 417,             0

RET_STALL_LENGTH_3500_count, 417,             0
RET_STALL_LENGTH_3500_total_count, 417,             0

RET_STALL_LENGTH_3600_count, 417,             0
RET_STALL_LENGTH_3600_total_count, 417,             0

RET_STALL_LENGTH_3700_count, 417,             0
RET_STALL_LENGTH_3700_total_count, 417,             0

RET_STALL_LENGTH_3800_count, 417,             0
RET_STALL_LENGTH_3800_total_count, 417,             0

RET_STALL_LENGTH_3900_count, 417,             0
RET_STALL_LENGTH_3900_total_count, 417,             0

RET_STALL_LENGTH_4000_count, 417,             0
RET_STALL_LENGTH_4000_total_count, 417,             0

RET_STALL_LENGTH_4100_count, 417,             0
RET_STALL_LENGTH_4100_total_count, 417,             0

RET_STALL_LENGTH_4200_count, 417,             0
RET_STALL_LENGTH_4200_total_count, 417,             0

RET_STALL_LENGTH_4300_count, 417,             0
RET_STALL_LENGTH_4300_total_count, 417,             0

RET_STALL_LENGTH_4400_count, 417,             0
RET_STALL_LENGTH_4400_total_count, 417,             0

RET_STALL_LENGTH_4500_count, 417,             0
RET_STALL_LENGTH_4500_total_count, 417,             0

RET_STALL_LENGTH_4600_count, 417,             0
RET_STALL_LENGTH_4600_total_count, 417,             0

RET_STALL_LENGTH_4700_count, 417,             0
RET_STALL_LENGTH_4700_total_count, 417,             0

RET_STALL_LENGTH_4800_count, 417,             0
RET_STALL_LENGTH_4800_total_count, 417,             0

RET_STALL_LENGTH_4900_count, 417,             0
RET_STALL_LENGTH_4900_total_count, 417,             0

RET_STALL_LENGTH_5000_count, 417,             0
RET_STALL_LENGTH_5000_total_count, 417,             0

MEM_BLOCK_LENGTH_0_count, 418,           235
MEM_BLOCK_LENGTH_0_total_count, 418,           545

MEM_BLOCK_LENGTH_100_count, 418,             6
MEM_BLOCK_LENGTH_100_total_count, 418,            42

MEM_BLOCK_LENGTH_200_count, 418,             2
MEM_BLOCK_LENGTH_200_total_count, 418,             6

MEM_BLOCK_LENGTH_300_count, 418,             2
MEM_BLOCK_LENGTH_300_total_count, 418,             3

MEM_BLOCK_LENGTH_400_count, 418,             1
MEM_BLOCK_LENGTH_400_total_count, 418,             7

MEM_BLOCK_LENGTH_500_count, 418,             0
MEM_BLOCK_LENGTH_500_total_count, 418,             0

MEM_BLOCK_LENGTH_600_count, 418,             0
MEM_BLOCK_LENGTH_600_total_count, 418,             0

MEM_BLOCK_LENGTH_700_count, 418,             0
MEM_BLOCK_LENGTH_700_total_count, 418,             1

MEM_BLOCK_LENGTH_800_count, 418,             0
MEM_BLOCK_LENGTH_800_total_count, 418,             1

MEM_BLOCK_LENGTH_900_count, 418,             0
MEM_BLOCK_LENGTH_900_total_count, 418,             0

MEM_BLOCK_LENGTH_1000_count, 418,             0
MEM_BLOCK_LENGTH_1000_total_count, 418,             0

MEM_BLOCK_LENGTH_1100_count, 418,             0
MEM_BLOCK_LENGTH_1100_total_count, 418,             0

MEM_BLOCK_LENGTH_1200_count, 418,             0
MEM_BLOCK_LENGTH_1200_total_count, 418,             0

MEM_BLOCK_LENGTH_1300_count, 418,             0
MEM_BLOCK_LENGTH_1300_total_count, 418,             0

MEM_BLOCK_LENGTH_1400_count, 418,             0
MEM_BLOCK_LENGTH_1400_total_count, 418,             0

MEM_BLOCK_LENGTH_1500_count, 418,             0
MEM_BLOCK_LENGTH_1500_total_count, 418,             0

MEM_BLOCK_LENGTH_1600_count, 418,             0
MEM_BLOCK_LENGTH_1600_total_count, 418,             0

MEM_BLOCK_LENGTH_1700_count, 418,             0
MEM_BLOCK_LENGTH_1700_total_count, 418,             0

MEM_BLOCK_LENGTH_1800_count, 418,             0
MEM_BLOCK_LENGTH_1800_total_count, 418,             0

MEM_BLOCK_LENGTH_1900_count, 418,             0
MEM_BLOCK_LENGTH_1900_total_count, 418,             0

MEM_BLOCK_LENGTH_2000_count, 418,             0
MEM_BLOCK_LENGTH_2000_total_count, 418,             0

MEM_BLOCK_LENGTH_2100_count, 418,             0
MEM_BLOCK_LENGTH_2100_total_count, 418,             0

MEM_BLOCK_LENGTH_2200_count, 418,             0
MEM_BLOCK_LENGTH_2200_total_count, 418,             0

MEM_BLOCK_LENGTH_2300_count, 418,             0
MEM_BLOCK_LENGTH_2300_total_count, 418,             0

MEM_BLOCK_LENGTH_2400_count, 418,             0
MEM_BLOCK_LENGTH_2400_total_count, 418,             0

MEM_BLOCK_LENGTH_2500_count, 418,             0
MEM_BLOCK_LENGTH_2500_total_count, 418,             0

MEM_BLOCK_LENGTH_2600_count, 418,             0
MEM_BLOCK_LENGTH_2600_total_count, 418,             0

MEM_BLOCK_LENGTH_2700_count, 418,             0
MEM_BLOCK_LENGTH_2700_total_count, 418,             0

MEM_BLOCK_LENGTH_2800_count, 418,             0
MEM_BLOCK_LENGTH_2800_total_count, 418,             0

MEM_BLOCK_LENGTH_2900_count, 418,             0
MEM_BLOCK_LENGTH_2900_total_count, 418,             0

MEM_BLOCK_LENGTH_3000_count, 418,             0
MEM_BLOCK_LENGTH_3000_total_count, 418,             0

MEM_BLOCK_LENGTH_3100_count, 418,             0
MEM_BLOCK_LENGTH_3100_total_count, 418,             0

MEM_BLOCK_LENGTH_3200_count, 418,             0
MEM_BLOCK_LENGTH_3200_total_count, 418,             0

MEM_BLOCK_LENGTH_3300_count, 418,             0
MEM_BLOCK_LENGTH_3300_total_count, 418,             0

MEM_BLOCK_LENGTH_3400_count, 418,             0
MEM_BLOCK_LENGTH_3400_total_count, 418,             0

MEM_BLOCK_LENGTH_3500_count, 418,             0
MEM_BLOCK_LENGTH_3500_total_count, 418,             0

MEM_BLOCK_LENGTH_3600_count, 418,             0
MEM_BLOCK_LENGTH_3600_total_count, 418,             0

MEM_BLOCK_LENGTH_3700_count, 418,             0
MEM_BLOCK_LENGTH_3700_total_count, 418,             0

MEM_BLOCK_LENGTH_3800_count, 418,             0
MEM_BLOCK_LENGTH_3800_total_count, 418,             0

MEM_BLOCK_LENGTH_3900_count, 418,             0
MEM_BLOCK_LENGTH_3900_total_count, 418,             0

MEM_BLOCK_LENGTH_4000_count, 418,             0
MEM_BLOCK_LENGTH_4000_total_count, 418,             0

MEM_BLOCK_LENGTH_4100_count, 418,             0
MEM_BLOCK_LENGTH_4100_total_count, 418,             0

MEM_BLOCK_LENGTH_4200_count, 418,             0
MEM_BLOCK_LENGTH_4200_total_count, 418,             0

MEM_BLOCK_LENGTH_4300_count, 418,             0
MEM_BLOCK_LENGTH_4300_total_count, 418,             0

MEM_BLOCK_LENGTH_4400_count, 418,             0
MEM_BLOCK_LENGTH_4400_total_count, 418,             0

MEM_BLOCK_LENGTH_4500_count, 418,             0
MEM_BLOCK_LENGTH_4500_total_count, 418,             0

MEM_BLOCK_LENGTH_4600_count, 418,             0
MEM_BLOCK_LENGTH_4600_total_count, 418,             0

MEM_BLOCK_LENGTH_4700_count, 418,             0
MEM_BLOCK_LENGTH_4700_total_count, 418,             0

MEM_BLOCK_LENGTH_4800_count, 418,             0
MEM_BLOCK_LENGTH_4800_total_count, 418,             0

MEM_BLOCK_LENGTH_4900_count, 418,             0
MEM_BLOCK_LENGTH_4900_total_count, 418,             0

MEM_BLOCK_LENGTH_5000_count, 418,             0
MEM_BLOCK_LENGTH_5000_total_count, 418,             0

FUS_BUSY_ON_PATH_count, 0,      12445772
FUS_BUSY_ON_PATH_pct, 0,        4.907
FUS_BUSY_ON_PATH_total_count, 0,      37350393
FUS_BUSY_ON_PATH_total_pct, 0,        4.856

FUS_BUSY_OFF_PATH_count, 0,         18425
FUS_BUSY_OFF_PATH_pct, 0,        0.007
FUS_BUSY_OFF_PATH_total_count, 0,         95791
FUS_BUSY_OFF_PATH_total_pct, 0,        0.012

FU_BUSY_MEM_STALL_count, 0,        174382
FU_BUSY_MEM_STALL_pct, 0,        0.069
FU_BUSY_MEM_STALL_total_count, 0,        534092
FU_BUSY_MEM_STALL_total_pct, 0,        0.069

FUS_EMPTY_count, 0,      12898083
FUS_EMPTY_pct, 0,        5.086
FUS_EMPTY_total_count, 0,      39467836
FUS_EMPTY_total_pct, 0,        5.131

FU_UNAVAILABLE_count, 0,        509162
FU_UNAVAILABLE_pct, 0,        0.201
FU_UNAVAILABLE_total_count, 0,       1524141
FU_UNAVAILABLE_total_pct, 0,        0.198

FU_MEM_UNAVAILABLE_count, 0,         79504
FU_MEM_UNAVAILABLE_pct, 0,        0.031
FU_MEM_UNAVAILABLE_total_count, 0,        246915
FU_MEM_UNAVAILABLE_total_pct, 0,        0.032

FU_OTHER_UNAVAILABLE_count, 0,             0
FU_OTHER_UNAVAILABLE_pct, 0,        0.000
FU_OTHER_UNAVAILABLE_total_count, 0,             0
FU_OTHER_UNAVAILABLE_total_pct, 0,        0.000

FU_REPLAY_count, 0,             0
FU_REPLAY_pct, 0,        0.000
FU_REPLAY_total_count, 0,             0
FU_REPLAY_total_pct, 0,        0.000

FU_STARVED_count, 0,      12895880
FU_STARVED_pct, 0,        5.085
FU_STARVED_total_count, 0,      39458428
FU_STARVED_total_pct, 0,        5.130

CHIP_UTILIZATION_count, 0,             0
CHIP_UTILIZATION_pct, 0,        0.000
CHIP_UTILIZATION_total_count, 0,             0
CHIP_UTILIZATION_total_pct, 0,        0.000

CYCLES_UNDER_MEM_REQ_count, 0,             0
CYCLES_UNDER_MEM_REQ_total_count, 0,             0

CYCLES_UNDER_NO_MEM_REQ_count, 0,             0
CYCLES_UNDER_NO_MEM_REQ_total_count, 0,             0

CYCLES_UNDER_CRITICAL_MEM_REQ_count, 0,             0
CYCLES_UNDER_CRITICAL_MEM_REQ_total_count, 0,             0

CYCLES_UNDER_NONCRITICAL_MEM_REQ_count, 0,             0
CYCLES_UNDER_NONCRITICAL_MEM_REQ_total_count, 0,             0

CHIP_UTILIZATION_UNDER_MEM_REQ_count, 0,             0
CHIP_UTILIZATION_UNDER_MEM_REQ_pct, 0,         -nan
CHIP_UTILIZATION_UNDER_MEM_REQ_total_count, 0,             0
CHIP_UTILIZATION_UNDER_MEM_REQ_total_pct, 0,         -nan

CHIP_UTILIZATION_UNDER_NO_MEM_REQ_count, 0,             0
CHIP_UTILIZATION_UNDER_NO_MEM_REQ_pct, 0,         -nan
CHIP_UTILIZATION_UNDER_NO_MEM_REQ_total_count, 0,             0
CHIP_UTILIZATION_UNDER_NO_MEM_REQ_total_pct, 0,         -nan

CHIP_UTILIZATION_UNDER_CRITICAL_MEM_REQ_count, 0,             0
CHIP_UTILIZATION_UNDER_CRITICAL_MEM_REQ_pct, 0,         -nan
CHIP_UTILIZATION_UNDER_CRITICAL_MEM_REQ_total_count, 0,             0
CHIP_UTILIZATION_UNDER_CRITICAL_MEM_REQ_total_pct, 0,         -nan

CHIP_UTILIZATION_UNDER_NONCRITICAL_MEM_REQ_count, 0,             0
CHIP_UTILIZATION_UNDER_NONCRITICAL_MEM_REQ_pct, 0,         -nan
CHIP_UTILIZATION_UNDER_NONCRITICAL_MEM_REQ_total_count, 0,             0
CHIP_UTILIZATION_UNDER_NONCRITICAL_MEM_REQ_total_pct, 0,         -nan

CYCLES_NOT_WAITING_FOR_OFF_CHIP_count, 0,             0
CYCLES_NOT_WAITING_FOR_OFF_CHIP_pct, 0,        0.000
CYCLES_NOT_WAITING_FOR_OFF_CHIP_total_count, 0,             0
CYCLES_NOT_WAITING_FOR_OFF_CHIP_total_pct, 0,        0.000

FUS_BUSY_NOT_WAITING_FOR_OFF_CHIP_count, 0,             0
FUS_BUSY_NOT_WAITING_FOR_OFF_CHIP_pct, 0,         -nan
FUS_BUSY_NOT_WAITING_FOR_OFF_CHIP_total_count, 0,             0
FUS_BUSY_NOT_WAITING_FOR_OFF_CHIP_total_pct, 0,         -nan

CYCLES_WAITING_FOR_OFF_CHIP_count, 0,             0
CYCLES_WAITING_FOR_OFF_CHIP_pct, 0,        0.000
CYCLES_WAITING_FOR_OFF_CHIP_total_count, 0,             0
CYCLES_WAITING_FOR_OFF_CHIP_total_pct, 0,        0.000

FUS_BUSY_WAITING_FOR_OFF_CHIP_count, 0,             0
FUS_BUSY_WAITING_FOR_OFF_CHIP_pct, 0,         -nan
FUS_BUSY_WAITING_FOR_OFF_CHIP_total_count, 0,             0
FUS_BUSY_WAITING_FOR_OFF_CHIP_total_pct, 0,         -nan

TOTAL_OFF_CHIP_DELAYS_LEFT_count, 0,             0
TOTAL_OFF_CHIP_DELAYS_LEFT_total_count, 0,             0

WRONG_IO_SCHED_count, 0,             0
WRONG_IO_SCHED_total_count, 0,             0

DVFS_CONFIG_SWITCH_count, 0,             0
DVFS_CONFIG_SWITCH_total_count, 0,             0

MAP_STAGE_RECEIVED_OPS_0_count, 419,             0
MAP_STAGE_RECEIVED_OPS_0_total_count, 419,             0

MAP_STAGE_RECEIVED_OPS_1_count, 419,           213
MAP_STAGE_RECEIVED_OPS_1_total_count, 419,          1013

MAP_STAGE_RECEIVED_OPS_2_count, 419,           241
MAP_STAGE_RECEIVED_OPS_2_total_count, 419,          1311

MAP_STAGE_RECEIVED_OPS_3_count, 419,           372
MAP_STAGE_RECEIVED_OPS_3_total_count, 419,          1828

MAP_STAGE_RECEIVED_OPS_4_count, 419,           219
MAP_STAGE_RECEIVED_OPS_4_total_count, 419,          2314

MAP_STAGE_RECEIVED_OPS_5_count, 419,           325
MAP_STAGE_RECEIVED_OPS_5_total_count, 419,          1307

MAP_STAGE_RECEIVED_OPS_6_count, 419,       1948581
MAP_STAGE_RECEIVED_OPS_6_total_count, 419,       5843412

MAP_STAGE_RECEIVED_OPS_7_count, 419,             0
MAP_STAGE_RECEIVED_OPS_7_total_count, 419,             0

MAP_STAGE_RECEIVED_OPS_8_count, 419,             0
MAP_STAGE_RECEIVED_OPS_8_total_count, 419,             0

MAP_STAGE_RECEIVED_OPS_MAX_count, 419,             0
MAP_STAGE_RECEIVED_OPS_MAX_total_count, 419,             0

MAP_STAGE_WAIT_FOR_DECODE_count, 420,             0
MAP_STAGE_WAIT_FOR_DECODE_total_count, 420,             0

MAP_STAGE_CONSUME_DECODE_count, 420,             0
MAP_STAGE_CONSUME_DECODE_total_count, 420,             0

MAP_STAGE_WAIT_FOR_DECODE2_count, 421,             0
MAP_STAGE_WAIT_FOR_DECODE2_total_count, 421,             0

MAP_STAGE_CONSUME_DECODE2_count, 421,             0
MAP_STAGE_CONSUME_DECODE2_total_count, 421,             0

FTQ_RECOVER_EXEC_count, 0,           344
FTQ_RECOVER_EXEC_total_count, 0,          1754

FTQ_RECOVER_DECODE_count, 0,             0
FTQ_RECOVER_DECODE_total_count, 0,           231

FTQ_OFFPATH_CYCLES_count, 0,         43185
FTQ_OFFPATH_CYCLES_total_count, 0,        194790

FTQ_CYCLES_OFFPATH_count, 0,         43185
FTQ_CYCLES_OFFPATH_total_count, 0,        194790

FTQ_CYCLES_ONPATH_count, 0,       2493043
FTQ_CYCLES_ONPATH_total_count, 0,       7496612

FTQ_FETCHED_INS_ONPATH_count, 0,      11696126
FTQ_FETCHED_INS_ONPATH_total_count, 0,      35088500

FTQ_FETCHED_INS_OFFPATH_count, 0,        195542
FTQ_FETCHED_INS_OFFPATH_total_count, 0,        940934

FTQ_BREAK_FULL_FT_ONPATH_count, 0,       2473208
FTQ_BREAK_FULL_FT_ONPATH_total_count, 0,       7429918

FTQ_BREAK_FULL_FT_OFFPATH_count, 0,         29400
FTQ_BREAK_FULL_FT_OFFPATH_total_count, 0,        123687

FTQ_BREAK_PRED_BR_ONPATH_count, 0,             0
FTQ_BREAK_PRED_BR_ONPATH_total_count, 0,             0

FTQ_BREAK_PRED_BR_OFFPATH_count, 0,             0
FTQ_BREAK_PRED_BR_OFFPATH_total_count, 0,             0

FTQ_BREAK_BAR_FETCH_ONPATH_count, 0,             0
FTQ_BREAK_BAR_FETCH_ONPATH_total_count, 0,             0

FTQ_BREAK_BAR_FETCH_OFFPATH_count, 0,             0
FTQ_BREAK_BAR_FETCH_OFFPATH_total_count, 0,             0

FTQ_BREAK_MAX_CFS_TAKEN_ONPATH_count, 0,             0
FTQ_BREAK_MAX_CFS_TAKEN_ONPATH_total_count, 0,             0

FTQ_BREAK_MAX_CFS_TAKEN_OFFPATH_count, 0,             0
FTQ_BREAK_MAX_CFS_TAKEN_OFFPATH_total_count, 0,             0

FTQ_BREAK_MAX_FT_ONPATH_count, 0,         19680
FTQ_BREAK_MAX_FT_ONPATH_total_count, 0,         66539

FTQ_BREAK_MAX_FT_OFFPATH_count, 0,         13785
FTQ_BREAK_MAX_FT_OFFPATH_total_count, 0,         71103

DFE_GEN_ON_PATH_FT_count, 0,       1113570
DFE_GEN_ON_PATH_FT_total_count, 0,       3345137

DFE_GEN_OFF_PATH_FT_count, 0,         23298
DFE_GEN_OFF_PATH_FT_total_count, 0,        100079

DFE_L0_ENABLED_PREDICTIONS_count, 0,      11696209
DFE_L0_ENABLED_PREDICTIONS_total_count, 0,      35088741

DFE_L0_WRONG_MAIN_CORRECT_count, 0,          1197
DFE_L0_WRONG_MAIN_CORRECT_total_count, 0,          4820

DFE_L0_WRONG_MAIN_WRONG_count, 0,           345
DFE_L0_WRONG_MAIN_WRONG_total_count, 0,          1840

DFE_L0_CORRECT_MAIN_WRONG_count, 0,             0
DFE_L0_CORRECT_MAIN_WRONG_total_count, 0,           146

DFE_L0_CORRECT_MAIN_CORRECT_count, 0,      11694667
DFE_L0_CORRECT_MAIN_CORRECT_total_count, 0,      35081935

DFE_L0_WRONG_MAIN_CORRECT_RECOVERY_SCHEDULED_count, 0,             0
DFE_L0_WRONG_MAIN_CORRECT_RECOVERY_SCHEDULED_total_count, 0,             0

FTQ_SAW_BAR_FETCH_OFFPATH_count, 0,             4
FTQ_SAW_BAR_FETCH_OFFPATH_total_count, 0,           140

FTQ_SAW_BAR_FETCH_ONPATH_count, 0,            75
FTQ_SAW_BAR_FETCH_ONPATH_total_count, 0,           297

DFE_CONF_0_RECOVER_AT_EXEC_count, 422,             0
DFE_CONF_0_RECOVER_AT_EXEC_total_count, 422,             0

DFE_CONF_1_RECOVER_AT_EXEC_count, 422,             0
DFE_CONF_1_RECOVER_AT_EXEC_total_count, 422,             0

DFE_CONF_2_RECOVER_AT_EXEC_count, 422,             0
DFE_CONF_2_RECOVER_AT_EXEC_total_count, 422,             0

DFE_CONF_3_RECOVER_AT_EXEC_count, 422,             0
DFE_CONF_3_RECOVER_AT_EXEC_total_count, 422,             0

DFE_CONF_0_CORRECT_count, 422,             0
DFE_CONF_0_CORRECT_total_count, 422,             0

DFE_CONF_1_CORRECT_count, 422,             0
DFE_CONF_1_CORRECT_total_count, 422,             0

DFE_CONF_2_CORRECT_count, 422,             0
DFE_CONF_2_CORRECT_total_count, 422,             0

DFE_CONF_3_CORRECT_count, 422,             0
DFE_CONF_3_CORRECT_total_count, 422,             0

DFE_ON_CONF_ON_OPS_count, 423,             0
DFE_ON_CONF_ON_OPS_total_count, 423,             0

DFE_ON_CONF_OFF_OPS_count, 423,             0
DFE_ON_CONF_OFF_OPS_total_count, 423,             0

DFE_OFF_CONF_ON_OPS_count, 423,             0
DFE_OFF_CONF_ON_OPS_total_count, 423,             0

DFE_OFF_CONF_OFF_REALISTIC_OPS_count, 423,             0
DFE_OFF_CONF_OFF_REALISTIC_OPS_total_count, 423,             0

DFE_OFF_CONF_OFF_PERFECT_OPS_count, 423,             0
DFE_OFF_CONF_OFF_PERFECT_OPS_total_count, 423,             0

DFE_ON_CONF_ON_FETCH_TARGETS_count, 424,             0
DFE_ON_CONF_ON_FETCH_TARGETS_total_count, 424,             0

DFE_ON_CONF_OFF_FETCH_TARGETS_count, 424,             0
DFE_ON_CONF_OFF_FETCH_TARGETS_total_count, 424,             0

DFE_OFF_CONF_ON_FETCH_TARGETS_count, 424,             0
DFE_OFF_CONF_ON_FETCH_TARGETS_total_count, 424,             0

DFE_OFF_CONF_OFF_REALISTIC_FETCH_TARGETS_count, 424,             0
DFE_OFF_CONF_OFF_REALISTIC_FETCH_TARGETS_total_count, 424,             0

DFE_OFF_CONF_OFF_PERFECT_FETCH_TARGETS_count, 424,             0
DFE_OFF_CONF_OFF_PERFECT_FETCH_TARGETS_total_count, 424,             0

DFE_ON_CONF_ON_CYCLES_count, 425,             0
DFE_ON_CONF_ON_CYCLES_total_count, 425,             0

DFE_ON_CONF_OFF_CYCLES_count, 425,             0
DFE_ON_CONF_OFF_CYCLES_total_count, 425,             0

DFE_OFF_CONF_ON_CYCLES_count, 425,             0
DFE_OFF_CONF_ON_CYCLES_total_count, 425,             0

DFE_OFF_CONF_OFF_REALISTIC_CYCLES_count, 425,             0
DFE_OFF_CONF_OFF_REALISTIC_CYCLES_total_count, 425,             0

DFE_OFF_CONF_OFF_PERFECT_CYCLES_count, 425,             0
DFE_OFF_CONF_OFF_PERFECT_CYCLES_total_count, 425,             0

DFE_OFF_CONF_ON_NUM_EVENTS_count, 0,             0
DFE_OFF_CONF_ON_NUM_EVENTS_total_count, 0,             0

DFE_OFF_CONF_ON_NOT_IDENTIFIED_EVENTS_count, 426,             0
DFE_OFF_CONF_ON_NOT_IDENTIFIED_EVENTS_total_count, 426,             0

DFE_OFF_CONF_ON_IBTB_MISS_EVENTS_count, 426,             0
DFE_OFF_CONF_ON_IBTB_MISS_EVENTS_total_count, 426,             0

DFE_OFF_CONF_ON_BTB_MISS_EVENTS_count, 426,             0
DFE_OFF_CONF_ON_BTB_MISS_EVENTS_total_count, 426,             0

DFE_OFF_CONF_ON_BTB_MISS_RECOVER_AT_EXEC_EVENTS_count, 426,             0
DFE_OFF_CONF_ON_BTB_MISS_RECOVER_AT_EXEC_EVENTS_total_count, 426,             0

DFE_OFF_CONF_ON_RECOVER_AT_EXEC_EVENTS_count, 426,             0
DFE_OFF_CONF_ON_RECOVER_AT_EXEC_EVENTS_total_count, 426,             0

DFE_OFF_CONF_ON_RECOVER_AT_DECODE_EVENTS_count, 426,             0
DFE_OFF_CONF_ON_RECOVER_AT_DECODE_EVENTS_total_count, 426,             0

DFE_OFF_CONF_ON_LATE_BTB_HIT_EVENTS_count, 0,             0
DFE_OFF_CONF_ON_LATE_BTB_HIT_EVENTS_total_count, 0,             0

DFE_OFF_CONF_ON_NOT_IDENTIFIED_CYCLES_count, 427,             0
DFE_OFF_CONF_ON_NOT_IDENTIFIED_CYCLES_total_count, 427,             0

DFE_OFF_CONF_ON_IBTB_MISS_CYCLES_count, 427,             0
DFE_OFF_CONF_ON_IBTB_MISS_CYCLES_total_count, 427,             0

DFE_OFF_CONF_ON_BTB_MISS_CYCLES_count, 427,             0
DFE_OFF_CONF_ON_BTB_MISS_CYCLES_total_count, 427,             0

DFE_OFF_CONF_ON_BTB_MISS_RECOVER_AT_EXEC_CYCLES_count, 427,             0
DFE_OFF_CONF_ON_BTB_MISS_RECOVER_AT_EXEC_CYCLES_total_count, 427,             0

DFE_OFF_CONF_ON_RECOVER_AT_EXEC_CYCLES_count, 427,             0
DFE_OFF_CONF_ON_RECOVER_AT_EXEC_CYCLES_total_count, 427,             0

DFE_OFF_CONF_ON_RECOVER_AT_DECODE_CYCLES_count, 427,             0
DFE_OFF_CONF_ON_RECOVER_AT_DECODE_CYCLES_total_count, 427,             0

DFE_OFF_CONF_ON_LATE_BTB_HIT_CYCLES_count, 0,             0
DFE_OFF_CONF_ON_LATE_BTB_HIT_CYCLES_total_count, 0,             0

DFE_OFF_CONF_ON_NOT_IDENTIFIED_FETCH_TARGETS_count, 428,             0
DFE_OFF_CONF_ON_NOT_IDENTIFIED_FETCH_TARGETS_total_count, 428,             0

DFE_OFF_CONF_ON_IBTB_MISS_FETCH_TARGETS_count, 428,             0
DFE_OFF_CONF_ON_IBTB_MISS_FETCH_TARGETS_total_count, 428,             0

DFE_OFF_CONF_ON_BTB_MISS_FETCH_TARGETS_count, 428,             0
DFE_OFF_CONF_ON_BTB_MISS_FETCH_TARGETS_total_count, 428,             0

DFE_OFF_CONF_ON_BTB_MISS_RECOVER_AT_EXEC_FETCH_TARGETS_count, 428,             0
DFE_OFF_CONF_ON_BTB_MISS_RECOVER_AT_EXEC_FETCH_TARGETS_total_count, 428,             0

DFE_OFF_CONF_ON_RECOVER_AT_EXEC_FETCH_TARGETS_count, 428,             0
DFE_OFF_CONF_ON_RECOVER_AT_EXEC_FETCH_TARGETS_total_count, 428,             0

DFE_OFF_CONF_ON_RECOVER_AT_DECODE_FETCH_TARGETS_count, 428,             0
DFE_OFF_CONF_ON_RECOVER_AT_DECODE_FETCH_TARGETS_total_count, 428,             0

DFE_OFF_CONF_ON_LATE_BTB_HIT_FETCH_TARGETS_count, 0,             0
DFE_OFF_CONF_ON_LATE_BTB_HIT_FETCH_TARGETS_total_count, 0,             0

DFE_OFF_CONF_ON_BP_INCORRECT_0_CONF_count, 429,             0
DFE_OFF_CONF_ON_BP_INCORRECT_0_CONF_total_count, 429,             0

DFE_OFF_CONF_ON_BP_INCORRECT_1_CONF_count, 429,             0
DFE_OFF_CONF_ON_BP_INCORRECT_1_CONF_total_count, 429,             0

DFE_OFF_CONF_ON_BP_INCORRECT_2_CONF_count, 429,             0
DFE_OFF_CONF_ON_BP_INCORRECT_2_CONF_total_count, 429,             0

DFE_OFF_CONF_ON_BP_INCORRECT_3_CONF_count, 429,             0
DFE_OFF_CONF_ON_BP_INCORRECT_3_CONF_total_count, 429,             0

DFE_OFF_CONF_ON_BTB_MISS_CBR_0_CONF_count, 430,             0
DFE_OFF_CONF_ON_BTB_MISS_CBR_0_CONF_total_count, 430,             0

DFE_OFF_CONF_ON_BTB_MISS_CBR_1_CONF_count, 430,             0
DFE_OFF_CONF_ON_BTB_MISS_CBR_1_CONF_total_count, 430,             0

DFE_OFF_CONF_ON_BTB_MISS_CBR_2_CONF_count, 430,             0
DFE_OFF_CONF_ON_BTB_MISS_CBR_2_CONF_total_count, 430,             0

DFE_OFF_CONF_ON_BTB_MISS_CBR_3_CONF_count, 430,             0
DFE_OFF_CONF_ON_BTB_MISS_CBR_3_CONF_total_count, 430,             0

DFE_OFF_CONF_ON_BTB_MISS_NOT_CF_count, 431,             0
DFE_OFF_CONF_ON_BTB_MISS_NOT_CF_total_count, 431,             0

DFE_OFF_CONF_ON_BTB_MISS_CF_BR_count, 431,             0
DFE_OFF_CONF_ON_BTB_MISS_CF_BR_total_count, 431,             0

DFE_OFF_CONF_ON_BTB_MISS_CF_CBR_count, 431,             0
DFE_OFF_CONF_ON_BTB_MISS_CF_CBR_total_count, 431,             0

DFE_OFF_CONF_ON_BTB_MISS_CF_CALL_count, 431,             0
DFE_OFF_CONF_ON_BTB_MISS_CF_CALL_total_count, 431,             0

DFE_OFF_CONF_ON_BTB_MISS_CF_IBR_count, 431,             0
DFE_OFF_CONF_ON_BTB_MISS_CF_IBR_total_count, 431,             0

DFE_OFF_CONF_ON_BTB_MISS_CF_ICALL_count, 431,             0
DFE_OFF_CONF_ON_BTB_MISS_CF_ICALL_total_count, 431,             0

DFE_OFF_CONF_ON_BTB_MISS_CF_ICO_count, 431,             0
DFE_OFF_CONF_ON_BTB_MISS_CF_ICO_total_count, 431,             0

DFE_OFF_CONF_ON_BTB_MISS_CF_RET_count, 431,             0
DFE_OFF_CONF_ON_BTB_MISS_CF_RET_total_count, 431,             0

DFE_OFF_CONF_ON_BTB_MISS_CF_SYS_count, 431,             0
DFE_OFF_CONF_ON_BTB_MISS_CF_SYS_total_count, 431,             0

DFE_ON_CONF_OFF_NUM_EVENTS_count, 0,             0
DFE_ON_CONF_OFF_NUM_EVENTS_total_count, 0,             0

CONF_BTB_NUM_CYCLES_OFF_PATH_EVENT_count, 0,             0
CONF_BTB_NUM_CYCLES_OFF_PATH_EVENT_total_count, 0,             0

DFE_ON_CONF_OFF_IBTB_MISS_BP_TAKEN_count, 432,             0
DFE_ON_CONF_OFF_IBTB_MISS_BP_TAKEN_total_count, 432,             0

DFE_ON_CONF_OFF_BTB_MISS_BP_TAKEN_CONF_0_count, 432,             0
DFE_ON_CONF_OFF_BTB_MISS_BP_TAKEN_CONF_0_total_count, 432,             0

DFE_ON_CONF_OFF_BTB_MISS_BP_TAKEN_CONF_1_count, 432,             0
DFE_ON_CONF_OFF_BTB_MISS_BP_TAKEN_CONF_1_total_count, 432,             0

DFE_ON_CONF_OFF_BTB_MISS_BP_TAKEN_CONF_2_count, 432,             0
DFE_ON_CONF_OFF_BTB_MISS_BP_TAKEN_CONF_2_total_count, 432,             0

DFE_ON_CONF_OFF_BTB_MISS_BP_TAKEN_CONF_3_count, 432,             0
DFE_ON_CONF_OFF_BTB_MISS_BP_TAKEN_CONF_3_total_count, 432,             0

DFE_ON_CONF_OFF_BTB_MISS_RATE_count, 432,             0
DFE_ON_CONF_OFF_BTB_MISS_RATE_total_count, 432,             0

DFE_ON_CONF_OFF_IBTB_MISS_RATE_count, 432,             0
DFE_ON_CONF_OFF_IBTB_MISS_RATE_total_count, 432,             0

DFE_ON_CONF_OFF_RECOVER_AT_DECODE_RATE_count, 432,             0
DFE_ON_CONF_OFF_RECOVER_AT_DECODE_RATE_total_count, 432,             0

DFE_ON_CONF_OFF_RECOVER_AT_EXEC_RATE_count, 432,             0
DFE_ON_CONF_OFF_RECOVER_AT_EXEC_RATE_total_count, 432,             0

DFE_ON_CONF_OFF_INV_CONF_INC_count, 432,             0
DFE_ON_CONF_OFF_INV_CONF_INC_total_count, 432,             0

DFE_ON_CONF_OFF_PERFECT_CONF_count, 432,             0
DFE_ON_CONF_OFF_PERFECT_CONF_total_count, 432,             0

DFE_ON_CONF_OFF_IBTB_MISS_BP_TAKEN_CYCLES_count, 433,             0
DFE_ON_CONF_OFF_IBTB_MISS_BP_TAKEN_CYCLES_total_count, 433,             0

DFE_ON_CONF_OFF_BTB_MISS_BP_TAKEN_CONF_0_CYCLES_count, 433,             0
DFE_ON_CONF_OFF_BTB_MISS_BP_TAKEN_CONF_0_CYCLES_total_count, 433,             0

DFE_ON_CONF_OFF_BTB_MISS_BP_TAKEN_CONF_1_CYCLES_count, 433,             0
DFE_ON_CONF_OFF_BTB_MISS_BP_TAKEN_CONF_1_CYCLES_total_count, 433,             0

DFE_ON_CONF_OFF_BTB_MISS_BP_TAKEN_CONF_2_CYCLES_count, 433,             0
DFE_ON_CONF_OFF_BTB_MISS_BP_TAKEN_CONF_2_CYCLES_total_count, 433,             0

DFE_ON_CONF_OFF_BTB_MISS_BP_TAKEN_CONF_3_CYCLES_count, 433,             0
DFE_ON_CONF_OFF_BTB_MISS_BP_TAKEN_CONF_3_CYCLES_total_count, 433,             0

DFE_ON_CONF_OFF_BTB_MISS_RATE_CYCLES_count, 433,             0
DFE_ON_CONF_OFF_BTB_MISS_RATE_CYCLES_total_count, 433,             0

DFE_ON_CONF_OFF_IBTB_MISS_RATE_CYCLES_count, 433,             0
DFE_ON_CONF_OFF_IBTB_MISS_RATE_CYCLES_total_count, 433,             0

DFE_ON_CONF_OFF_RECOVER_AT_DECODE_RATE_CYCLES_count, 433,             0
DFE_ON_CONF_OFF_RECOVER_AT_DECODE_RATE_CYCLES_total_count, 433,             0

DFE_ON_CONF_OFF_RECOVER_AT_EXEC_RATE_CYCLES_count, 433,             0
DFE_ON_CONF_OFF_RECOVER_AT_EXEC_RATE_CYCLES_total_count, 433,             0

DFE_ON_CONF_OFF_INV_CONF_INC_CYCLES_count, 433,             0
DFE_ON_CONF_OFF_INV_CONF_INC_CYCLES_total_count, 433,             0

DFE_ON_CONF_OFF_PERFECT_CONF_CYCLES_count, 433,             0
DFE_ON_CONF_OFF_PERFECT_CONF_CYCLES_total_count, 433,             0

DFE_ON_CONF_OFF_IBTB_MISS_BP_TAKEN_FETCH_TARGETS_count, 434,             0
DFE_ON_CONF_OFF_IBTB_MISS_BP_TAKEN_FETCH_TARGETS_total_count, 434,             0

DFE_ON_CONF_OFF_BTB_MISS_BP_TAKEN_CONF_0_FETCH_TARGETS_count, 434,             0
DFE_ON_CONF_OFF_BTB_MISS_BP_TAKEN_CONF_0_FETCH_TARGETS_total_count, 434,             0

DFE_ON_CONF_OFF_BTB_MISS_BP_TAKEN_CONF_1_FETCH_TARGETS_count, 434,             0
DFE_ON_CONF_OFF_BTB_MISS_BP_TAKEN_CONF_1_FETCH_TARGETS_total_count, 434,             0

DFE_ON_CONF_OFF_BTB_MISS_BP_TAKEN_CONF_2_FETCH_TARGETS_count, 434,             0
DFE_ON_CONF_OFF_BTB_MISS_BP_TAKEN_CONF_2_FETCH_TARGETS_total_count, 434,             0

DFE_ON_CONF_OFF_BTB_MISS_BP_TAKEN_CONF_3_FETCH_TARGETS_count, 434,             0
DFE_ON_CONF_OFF_BTB_MISS_BP_TAKEN_CONF_3_FETCH_TARGETS_total_count, 434,             0

DFE_ON_CONF_OFF_BTB_MISS_RATE_FETCH_TARGETS_count, 434,             0
DFE_ON_CONF_OFF_BTB_MISS_RATE_FETCH_TARGETS_total_count, 434,             0

DFE_ON_CONF_OFF_IBTB_MISS_RATE_FETCH_TARGETS_count, 434,             0
DFE_ON_CONF_OFF_IBTB_MISS_RATE_FETCH_TARGETS_total_count, 434,             0

DFE_ON_CONF_OFF_RECOVER_AT_DECODE_RATE_FETCH_TARGETS_count, 434,             0
DFE_ON_CONF_OFF_RECOVER_AT_DECODE_RATE_FETCH_TARGETS_total_count, 434,             0

DFE_ON_CONF_OFF_RECOVER_AT_EXEC_RATE_FETCH_TARGETS_count, 434,             0
DFE_ON_CONF_OFF_RECOVER_AT_EXEC_RATE_FETCH_TARGETS_total_count, 434,             0

DFE_ON_CONF_OFF_INV_CONF_INC_FETCH_TARGETS_count, 434,             0
DFE_ON_CONF_OFF_INV_CONF_INC_FETCH_TARGETS_total_count, 434,             0

DFE_ON_CONF_OFF_PERFECT_CONF_FETCH_TARGETS_count, 434,             0
DFE_ON_CONF_OFF_PERFECT_CONF_FETCH_TARGETS_total_count, 434,             0

CONF_OFF_IBTB_MISS_BP_TAKEN_count, 435,             0
CONF_OFF_IBTB_MISS_BP_TAKEN_total_count, 435,             0

CONF_OFF_BTB_MISS_BP_TAKEN_CONF_0_count, 435,             0
CONF_OFF_BTB_MISS_BP_TAKEN_CONF_0_total_count, 435,             0

CONF_OFF_BTB_MISS_BP_TAKEN_CONF_1_count, 435,             0
CONF_OFF_BTB_MISS_BP_TAKEN_CONF_1_total_count, 435,             0

CONF_OFF_BTB_MISS_BP_TAKEN_CONF_2_count, 435,             0
CONF_OFF_BTB_MISS_BP_TAKEN_CONF_2_total_count, 435,             0

CONF_OFF_BTB_MISS_BP_TAKEN_CONF_3_count, 435,             0
CONF_OFF_BTB_MISS_BP_TAKEN_CONF_3_total_count, 435,             0

CONF_OFF_BTB_MISS_RATE_count, 435,             0
CONF_OFF_BTB_MISS_RATE_total_count, 435,             0

CONF_OFF_IBTB_MISS_RATE_count, 435,             0
CONF_OFF_IBTB_MISS_RATE_total_count, 435,             0

CONF_OFF_RECOVER_AT_DECODE_RATE_count, 435,             0
CONF_OFF_RECOVER_AT_DECODE_RATE_total_count, 435,             0

CONF_OFF_RECOVER_AT_EXEC_RATE_count, 435,             0
CONF_OFF_RECOVER_AT_EXEC_RATE_total_count, 435,             0

CONF_OFF_INV_CONF_INC_count, 435,             0
CONF_OFF_INV_CONF_INC_total_count, 435,             0

CONF_OFF_PERFECT_CONF_count, 435,             0
CONF_OFF_PERFECT_CONF_total_count, 435,             0

TOPDOWN_TOTAL_SLOTS_count, 0,      15217368
TOPDOWN_TOTAL_SLOTS_total_count, 0,      46148412

TOPDOWN_ISSUED_SLOTS_count, 0,      11763591
TOPDOWN_ISSUED_SLOTS_total_count, 0,      35374114

TOPDOWN_RETIRED_SLOTS_count, 0,      11696711
TOPDOWN_RETIRED_SLOTS_total_count, 0,      35088741

TOPDOWN_FETCH_BUBBLES_SLOTS_count, 0,         16883
TOPDOWN_FETCH_BUBBLES_SLOTS_total_count, 0,        269356

TOPDOWN_RECOVERY_BUBBLES_SLOTS_count, 0,          7540
TOPDOWN_RECOVERY_BUBBLES_SLOTS_total_count, 0,         45484

TOPDOWN_MEM_LOAD_STALLS_CYCLES_count, 0,        571509
TOPDOWN_MEM_LOAD_STALLS_CYCLES_total_count, 0,       1742335

TOPDOWN_MEM_STORE_STALLS_CYCLES_count, 0,             0
TOPDOWN_MEM_STORE_STALLS_CYCLES_total_count, 0,            12

TOPDOWN_EXEC_STALLS_CYCLES_count, 0,        292407
TOPDOWN_EXEC_STALLS_CYCLES_total_count, 0,        900480

TOPDOWN_BACKEND_STALLS_CYCLES_count, 0,        571509
TOPDOWN_BACKEND_STALLS_CYCLES_total_count, 0,       1742963

TOPDOWN_FETCH_BUBBLES_GT_MIW_CYCLES_count, 0,          2248
TOPDOWN_FETCH_BUBBLES_GT_MIW_CYCLES_total_count, 0,         40892

TOPDOWN_BR_RECOVER_AT_EXEC_RETIRED_CYCLES_count, 0,           344
TOPDOWN_BR_RECOVER_AT_EXEC_RETIRED_CYCLES_total_count, 0,          1754

TOPDOWN_MACHINE_CLEAR_CYCLES_count, 0,          1541
TOPDOWN_MACHINE_CLEAR_CYCLES_total_count, 0,          6805

TOPDOWN_FRONTEND_BOUND_count, 0,            11
TOPDOWN_FRONTEND_BOUND_total_count, 0,            11

TOPDOWN_BACKEND_BOUND_count, 0,          2255
TOPDOWN_BACKEND_BOUND_total_count, 0,          2255

TOPDOWN_BAD_SPEC_BOUND_count, 0,            48
TOPDOWN_BAD_SPEC_BOUND_total_count, 0,            48

TOPDOWN_RETIRING_BOUND_count, 0,          7686
TOPDOWN_RETIRING_BOUND_total_count, 0,          7686

TOPDOWN_FETCH_LATENCY_BOUND_count, 0,             8
TOPDOWN_FETCH_LATENCY_BOUND_total_count, 0,             8

TOPDOWN_FETCH_BANDWIDTH_BOUND_count, 0,             3
TOPDOWN_FETCH_BANDWIDTH_BOUND_total_count, 0,             3

TOPDOWN_MEM_BOUND_count, 0,          2255
TOPDOWN_MEM_BOUND_total_count, 0,          2255

TOPDOWN_CORE_BOUND_count, 0,             0
TOPDOWN_CORE_BOUND_total_count, 0,             0

TOPDOWN_BR_RECOVER_AT_EXEC_BOUND_count, 0,             8
TOPDOWN_BR_RECOVER_AT_EXEC_BOUND_total_count, 0,             8

TOPDOWN_MACHINE_CLEARS_BOUND_count, 0,            40
TOPDOWN_MACHINE_CLEARS_BOUND_total_count, 0,            40

H2P_SEEN_MAIN_count, 0,             0
H2P_SEEN_MAIN_total_count, 0,             0



