Core, 0, 0
Cumulative_Cycles, 0, 14954506            
Cumulative_Instructions, 0, 30000000            
Periodic_Cycles, 0, 4970233             
Periodic_Instructions, 0, 9999993             
EXECUTION_TIME_count, 0, 1553197812500
EXECUTION_TIME_total_count, 0, 4673283125000

SIM_HOST_WALL_SECONDS_value, 0,    355.236971
SIM_HOST_WALL_SECONDS_total_value, 0,    355.236971

NODE_CYCLE_count, 0,       4970233
NODE_CYCLE_total_count, 0,      14954506

NODE_INST_COUNT_count, 0,       9999993
NODE_INST_COUNT_total_count, 0,      30000000

NODE_INST_COUNT_FETCHED_count, 0,       9999993
NODE_INST_COUNT_FETCHED_total_count, 0,      30000000

NODE_UOP_COUNT_count, 0,      11000535
NODE_UOP_COUNT_total_count, 0,      32980901

EXEC_STAGE_NO_ISSUE_STALL_CYCLE_count, 0,       3330115
EXEC_STAGE_NO_ISSUE_STALL_CYCLE_total_count, 0,       9958628

EXEC_STAGE_NO_ISSUE_STALL_CYCLE_ONPATH_count, 0,       2753489
EXEC_STAGE_NO_ISSUE_STALL_CYCLE_ONPATH_total_count, 0,       8300606

FULL_WINDOW_STALL_count, 0,         12282
FULL_WINDOW_STALL_pct, 0,        0.247
FULL_WINDOW_STALL_total_count, 0,         47928
FULL_WINDOW_STALL_total_pct, 0,        0.320

FULL_WINDOW_MEM_OP_count, 401,          9236
FULL_WINDOW_MEM_OP_total_count, 401,         37519

FULL_WINDOW_FP_OP_count, 401,             0
FULL_WINDOW_FP_OP_total_count, 401,             0

FULL_WINDOW_OTHER_OP_count, 401,             0
FULL_WINDOW_OTHER_OP_total_count, 401,             0

RET_BLOCKED_DC_MISS_count, 0,        721338
RET_BLOCKED_DC_MISS_pct, 0,       14.513
RET_BLOCKED_DC_MISS_total_count, 0,       2241902
RET_BLOCKED_DC_MISS_total_pct, 0,       14.991

RET_BLOCKED_L1_MISS_count, 0,         39631
RET_BLOCKED_L1_MISS_pct, 0,        0.797
RET_BLOCKED_L1_MISS_total_count, 0,        222020
RET_BLOCKED_L1_MISS_total_pct, 0,        1.485

RET_BLOCKED_L1_MISS_BW_PREF_count, 0,             0
RET_BLOCKED_L1_MISS_BW_PREF_pct, 0,        0.000
RET_BLOCKED_L1_MISS_BW_PREF_total_count, 0,           982
RET_BLOCKED_L1_MISS_BW_PREF_total_pct, 0,        0.007

RET_BLOCKED_L1_ACCESS_count, 0,        681707
RET_BLOCKED_L1_ACCESS_pct, 0,       13.716
RET_BLOCKED_L1_ACCESS_total_count, 0,       2020005
RET_BLOCKED_L1_ACCESS_total_pct, 0,       13.508

RET_BLOCKED_MEM_STALL_count, 0,         39631
RET_BLOCKED_MEM_STALL_pct, 0,        0.797
RET_BLOCKED_MEM_STALL_total_count, 0,        222857
RET_BLOCKED_MEM_STALL_total_pct, 0,        1.490

RET_BLOCKED_OFFCHIP_DEMAND_count, 0,             0
RET_BLOCKED_OFFCHIP_DEMAND_pct, 0,        0.000
RET_BLOCKED_OFFCHIP_DEMAND_total_count, 0,             0
RET_BLOCKED_OFFCHIP_DEMAND_total_pct, 0,        0.000

OP_ISSUED_count, 0,      12468863
OP_ISSUED_total_count, 0,      37200003

OP_RETIRED_count, 0,      11000535
OP_RETIRED_total_count, 0,      32980901

OP_MACRO_FUSION_ONPATH_count, 0,             0
OP_MACRO_FUSION_ONPATH_total_count, 0,             0

OP_MACRO_FUSION_OFFPATH_count, 0,             0
OP_MACRO_FUSION_OFFPATH_total_count, 0,             0

REPLAY_SIGNALED_count, 0,             0
REPLAY_SIGNALED_total_count, 0,             0

REPLAY_COUNTED_count, 0,             0
REPLAY_COUNTED_total_count, 0,             0

OFF_CRITICAL_PATH_count, 402,             0
OFF_CRITICAL_PATH_total_count, 402,             0

ON_CRITICAL_PATH_count, 402,             0
ON_CRITICAL_PATH_total_count, 402,             0

LD_NO_DEPENDENTS_count, 403,        453222
LD_NO_DEPENDENTS_total_count, 403,       1340343

LD_DEPENDENTS_count, 403,       2471251
LD_DEPENDENTS_total_count, 403,       7404629

LD_EXEC_CYCLES_0_count, 404,             0
LD_EXEC_CYCLES_0_total_count, 404,             0

LD_EXEC_CYCLES_1_count, 404,             0
LD_EXEC_CYCLES_1_total_count, 404,             0

LD_EXEC_CYCLES_2_count, 404,        200993
LD_EXEC_CYCLES_2_total_count, 404,        415358

LD_EXEC_CYCLES_3_count, 404,         32567
LD_EXEC_CYCLES_3_total_count, 404,         67318

LD_EXEC_CYCLES_4_count, 404,         49899
LD_EXEC_CYCLES_4_total_count, 404,        110566

LD_EXEC_MINUS_FETCH_LATENCY_count, 0,     325489956
LD_EXEC_MINUS_FETCH_LATENCY_total_count, 0,     998923342

LD_RETIRE_MINUS_FETCH_LATENCY_count, 0,     432170403
LD_RETIRE_MINUS_FETCH_LATENCY_total_count, 0,    1321021140

LD_EXEC_TO_DONE_LATENCY_count, 0,      17591217
LD_EXEC_TO_DONE_LATENCY_total_count, 0,      54107388

ICACHE_STAGE_STARVED_count, 405,        319688
ICACHE_STAGE_STARVED_total_count, 405,        979776

ICACHE_STAGE_NOT_STARVED_count, 405,       2336591
ICACHE_STAGE_NOT_STARVED_total_count, 405,       7130966

ICACHE_STAGE_STALLED_count, 406,        610873
ICACHE_STAGE_STALLED_total_count, 406,       1944017

ICACHE_STAGE_NOT_STALLED_count, 406,       2045406
ICACHE_STAGE_NOT_STALLED_total_count, 406,       6166725

ICACHE_STAGE_OFF_PATH_count, 406,       2313954
ICACHE_STAGE_OFF_PATH_total_count, 406,       6843764

DECODE_STAGE_STARVED_count, 407,       2232841
DECODE_STAGE_STARVED_total_count, 407,       6644190

DECODE_STAGE_NOT_STARVED_count, 407,       1280038
DECODE_STAGE_NOT_STARVED_total_count, 407,       3892430

DECODE_STAGE_STALLED_count, 408,        523093
DECODE_STAGE_STALLED_total_count, 408,       1668057

DECODE_STAGE_NOT_STALLED_count, 408,       2989786
DECODE_STAGE_NOT_STALLED_total_count, 408,       8868563

DECODE_STAGE_OFF_PATH_count, 408,       1457354
DECODE_STAGE_OFF_PATH_total_count, 408,       4417886

UOPQ_STAGE_STARVED_count, 409,       2006581
UOPQ_STAGE_STARVED_total_count, 409,       6041626

UOPQ_STAGE_NOT_STARVED_count, 409,        650998
UOPQ_STAGE_NOT_STARVED_total_count, 409,       1994220

UOPQ_STAGE_STALLED_count, 410,        339606
UOPQ_STAGE_STALLED_total_count, 410,       1066900

UOPQ_STAGE_NOT_STALLED_count, 410,       2657579
UOPQ_STAGE_NOT_STALLED_total_count, 410,       8035846

UOPQ_STAGE_OFF_PATH_count, 410,       1973048
UOPQ_STAGE_OFF_PATH_total_count, 410,       5851760

RS_OP_READY_NOT_ISSUED_TOTAL_count, 0,       8379922
RS_OP_READY_NOT_ISSUED_TOTAL_total_count, 0,      25330260

RS_0_OP_READY_NOT_ISSUED_count, 0,       6810041
RS_0_OP_READY_NOT_ISSUED_total_count, 0,      20553536

RS_1_OP_READY_NOT_ISSUED_count, 0,        665809
RS_1_OP_READY_NOT_ISSUED_total_count, 0,       1983997

RS_2_OP_READY_NOT_ISSUED_count, 0,        904072
RS_2_OP_READY_NOT_ISSUED_total_count, 0,       2792727

RS_3_OP_READY_NOT_ISSUED_count, 0,             0
RS_3_OP_READY_NOT_ISSUED_total_count, 0,             0

RS_4_OP_READY_NOT_ISSUED_count, 0,             0
RS_4_OP_READY_NOT_ISSUED_total_count, 0,             0

RS_5_OP_READY_NOT_ISSUED_count, 0,             0
RS_5_OP_READY_NOT_ISSUED_total_count, 0,             0

RS_6_OP_READY_NOT_ISSUED_count, 0,             0
RS_6_OP_READY_NOT_ISSUED_total_count, 0,             0

RS_7_OP_READY_NOT_ISSUED_count, 0,             0
RS_7_OP_READY_NOT_ISSUED_total_count, 0,             0

RS_7_PLUS_OP_READY_NOT_ISSUED_count, 0,             0
RS_7_PLUS_OP_READY_NOT_ISSUED_total_count, 0,             0

FU_IDLE_NO_READY_OPS_TOTAL_count, 0,      25170744
FU_IDLE_NO_READY_OPS_TOTAL_total_count, 0,      76224838

FU_0_IDLE_NO_READY_OPS_count, 0,       1914724
FU_0_IDLE_NO_READY_OPS_total_count, 0,       5815103

FU_1_IDLE_NO_READY_OPS_count, 0,       2304280
FU_1_IDLE_NO_READY_OPS_total_count, 0,       6990681

FU_2_IDLE_NO_READY_OPS_count, 0,       2521799
FU_2_IDLE_NO_READY_OPS_total_count, 0,       7639603

FU_3_IDLE_NO_READY_OPS_count, 0,       2520953
FU_3_IDLE_NO_READY_OPS_total_count, 0,       7636682

FU_4_IDLE_NO_READY_OPS_count, 0,       2332610
FU_4_IDLE_NO_READY_OPS_total_count, 0,       7078703

FU_5_IDLE_NO_READY_OPS_count, 0,       1885809
FU_5_IDLE_NO_READY_OPS_total_count, 0,       5730451

FU_6_IDLE_NO_READY_OPS_count, 0,       3430032
FU_6_IDLE_NO_READY_OPS_total_count, 0,      10344770

FU_7_IDLE_NO_READY_OPS_count, 0,       3430371
FU_7_IDLE_NO_READY_OPS_total_count, 0,      10345398

FU_8_IDLE_NO_READY_OPS_count, 0,       2308772
FU_8_IDLE_NO_READY_OPS_total_count, 0,       7006539

FU_9_IDLE_NO_READY_OPS_count, 0,       2521394
FU_9_IDLE_NO_READY_OPS_total_count, 0,       7636908

FU_10_IDLE_NO_READY_OPS_count, 0,             0
FU_10_IDLE_NO_READY_OPS_total_count, 0,             0

FU_11_IDLE_NO_READY_OPS_count, 0,             0
FU_11_IDLE_NO_READY_OPS_total_count, 0,             0

FU_12_IDLE_NO_READY_OPS_count, 0,             0
FU_12_IDLE_NO_READY_OPS_total_count, 0,             0

FU_13_IDLE_NO_READY_OPS_count, 0,             0
FU_13_IDLE_NO_READY_OPS_total_count, 0,             0

FU_14_IDLE_NO_READY_OPS_count, 0,             0
FU_14_IDLE_NO_READY_OPS_total_count, 0,             0

FU_15_IDLE_NO_READY_OPS_count, 0,             0
FU_15_IDLE_NO_READY_OPS_total_count, 0,             0

FU_16_IDLE_NO_READY_OPS_count, 0,             0
FU_16_IDLE_NO_READY_OPS_total_count, 0,             0

FU_17_IDLE_NO_READY_OPS_count, 0,             0
FU_17_IDLE_NO_READY_OPS_total_count, 0,             0

FU_18_IDLE_NO_READY_OPS_count, 0,             0
FU_18_IDLE_NO_READY_OPS_total_count, 0,             0

FU_19_IDLE_NO_READY_OPS_count, 0,             0
FU_19_IDLE_NO_READY_OPS_total_count, 0,             0

FU_20_IDLE_NO_READY_OPS_count, 0,             0
FU_20_IDLE_NO_READY_OPS_total_count, 0,             0

FU_21_IDLE_NO_READY_OPS_count, 0,             0
FU_21_IDLE_NO_READY_OPS_total_count, 0,             0

FU_22_IDLE_NO_READY_OPS_count, 0,             0
FU_22_IDLE_NO_READY_OPS_total_count, 0,             0

FU_23_IDLE_NO_READY_OPS_count, 0,             0
FU_23_IDLE_NO_READY_OPS_total_count, 0,             0

FU_24_IDLE_NO_READY_OPS_count, 0,             0
FU_24_IDLE_NO_READY_OPS_total_count, 0,             0

FU_25_IDLE_NO_READY_OPS_count, 0,             0
FU_25_IDLE_NO_READY_OPS_total_count, 0,             0

FU_26_IDLE_NO_READY_OPS_count, 0,             0
FU_26_IDLE_NO_READY_OPS_total_count, 0,             0

FU_27_IDLE_NO_READY_OPS_count, 0,             0
FU_27_IDLE_NO_READY_OPS_total_count, 0,             0

FU_28_IDLE_NO_READY_OPS_count, 0,             0
FU_28_IDLE_NO_READY_OPS_total_count, 0,             0

FU_29_IDLE_NO_READY_OPS_count, 0,             0
FU_29_IDLE_NO_READY_OPS_total_count, 0,             0

FU_30_IDLE_NO_READY_OPS_count, 0,             0
FU_30_IDLE_NO_READY_OPS_total_count, 0,             0

FU_31_IDLE_NO_READY_OPS_count, 0,             0
FU_31_IDLE_NO_READY_OPS_total_count, 0,             0

FU_31_PLUS_IDLE_NO_READY_OPS_count, 0,             0
FU_31_PLUS_IDLE_NO_READY_OPS_total_count, 0,             0

MAP_STAGE_STARVED_count, 411,        496909
MAP_STAGE_STARVED_total_count, 411,       1495745

MAP_STAGE_NOT_STARVED_count, 411,       2031830
MAP_STAGE_NOT_STARVED_total_count, 411,       6106311

MAP_STAGE_STALLED_count, 412,        114372
MAP_STAGE_STALLED_total_count, 412,        361703

MAP_STAGE_NOT_STALLED_count, 412,       2414367
MAP_STAGE_NOT_STALLED_total_count, 412,       7240353

MAP_STAGE_OFF_PATH_count, 412,        905539
MAP_STAGE_OFF_PATH_total_count, 412,       2649235

MAP_STAGE_STALL_ITSELF_count, 413,       1535955
MAP_STAGE_STALL_ITSELF_total_count, 413,       4703215

MAP_STAGE_NOT_STALL_ITSELF_count, 413,       3434278
MAP_STAGE_NOT_STALL_ITSELF_total_count, 413,      10251291

MAP_STAGE_LATE_ALLOCATE_SEND_BACK_count, 0,             0
MAP_STAGE_LATE_ALLOCATE_SEND_BACK_total_count, 0,             0

MAP_STAGE_RENAME_OP_ONPATH_count, 0,      11000215
MAP_STAGE_RENAME_OP_ONPATH_total_count, 0,      32980901

MAP_STAGE_RENAME_OP_OFFPATH_count, 0,       4371599
MAP_STAGE_RENAME_OP_OFFPATH_total_count, 0,      12726841

MAP_STAGE_RENAME_INT_REG_ONPATH_count, 0,       6570330
MAP_STAGE_RENAME_INT_REG_ONPATH_total_count, 0,      19701545

MAP_STAGE_RENAME_INT_REG_OFFPATH_count, 0,       2465575
MAP_STAGE_RENAME_INT_REG_OFFPATH_total_count, 0,       7155972

MAP_STAGE_RENAME_VEC_REG_ONPATH_count, 0,         66966
MAP_STAGE_RENAME_VEC_REG_ONPATH_total_count, 0,        198743

MAP_STAGE_RENAME_VEC_REG_OFFPATH_count, 0,          9200
MAP_STAGE_RENAME_VEC_REG_OFFPATH_total_count, 0,         29512

MAP_STAGE_RENAME_MOVE_ELIM_ONPATH_count, 0,             0
MAP_STAGE_RENAME_MOVE_ELIM_ONPATH_total_count, 0,             0

MAP_STAGE_RENAME_MOVE_ELIM_OFFPATH_count, 0,             0
MAP_STAGE_RENAME_MOVE_ELIM_OFFPATH_total_count, 0,             0

MAP_STAGE_ONPATH_INT_REG_NUM_ALLOC_count, 0,       6570505
MAP_STAGE_ONPATH_INT_REG_NUM_ALLOC_total_count, 0,      19701527

MAP_STAGE_ONPATH_VEC_REG_NUM_ALLOC_count, 0,         66966
MAP_STAGE_ONPATH_VEC_REG_NUM_ALLOC_total_count, 0,        198732

MAP_STAGE_ONPATH_INT_REG_NUM_SHORTLIVE_count, 0,       2254863
MAP_STAGE_ONPATH_INT_REG_NUM_SHORTLIVE_total_count, 0,       6658354

MAP_STAGE_ONPATH_VEC_REG_NUM_SHORTLIVE_count, 0,         31537
MAP_STAGE_ONPATH_VEC_REG_NUM_SHORTLIVE_total_count, 0,         93717

MAP_STAGE_ONPATH_INT_REG_USE_COUNT_0_count, 0,        639964
MAP_STAGE_ONPATH_INT_REG_USE_COUNT_0_total_count, 0,       1914491

MAP_STAGE_ONPATH_VEC_REG_USE_COUNT_0_count, 0,           468
MAP_STAGE_ONPATH_VEC_REG_USE_COUNT_0_total_count, 0,          1334

MAP_STAGE_ONPATH_INT_REG_USE_COUNT_1_count, 0,       3856256
MAP_STAGE_ONPATH_INT_REG_USE_COUNT_1_total_count, 0,      11558775

MAP_STAGE_ONPATH_VEC_REG_USE_COUNT_1_count, 0,         54054
MAP_STAGE_ONPATH_VEC_REG_USE_COUNT_1_total_count, 0,        160578

MAP_STAGE_ONPATH_INT_REG_USE_COUNT_2_count, 0,       1188579
MAP_STAGE_ONPATH_INT_REG_USE_COUNT_2_total_count, 0,       3557897

MAP_STAGE_ONPATH_VEC_REG_USE_COUNT_2_count, 0,          9851
MAP_STAGE_ONPATH_VEC_REG_USE_COUNT_2_total_count, 0,         29086

MAP_STAGE_ONPATH_INT_REG_USE_COUNT_3_count, 0,        416181
MAP_STAGE_ONPATH_INT_REG_USE_COUNT_3_total_count, 0,       1257539

MAP_STAGE_ONPATH_VEC_REG_USE_COUNT_3_count, 0,          1997
MAP_STAGE_ONPATH_VEC_REG_USE_COUNT_3_total_count, 0,          6068

MAP_STAGE_ONPATH_INT_REG_USE_COUNT_4_count, 0,        169686
MAP_STAGE_ONPATH_INT_REG_USE_COUNT_4_total_count, 0,        509300

MAP_STAGE_ONPATH_VEC_REG_USE_COUNT_4_count, 0,           486
MAP_STAGE_ONPATH_VEC_REG_USE_COUNT_4_total_count, 0,          1378

MAP_STAGE_ONPATH_INT_REG_USE_COUNT_5_count, 0,         88702
MAP_STAGE_ONPATH_INT_REG_USE_COUNT_5_total_count, 0,        263959

MAP_STAGE_ONPATH_VEC_REG_USE_COUNT_5_count, 0,           104
MAP_STAGE_ONPATH_VEC_REG_USE_COUNT_5_total_count, 0,           267

MAP_STAGE_ONPATH_INT_REG_USE_COUNT_6_count, 0,         50328
MAP_STAGE_ONPATH_INT_REG_USE_COUNT_6_total_count, 0,        153164

MAP_STAGE_ONPATH_VEC_REG_USE_COUNT_6_count, 0,             0
MAP_STAGE_ONPATH_VEC_REG_USE_COUNT_6_total_count, 0,             0

MAP_STAGE_ONPATH_INT_REG_USE_COUNT_7_PLUS_count, 0,        160809
MAP_STAGE_ONPATH_INT_REG_USE_COUNT_7_PLUS_total_count, 0,        486402

MAP_STAGE_ONPATH_VEC_REG_USE_COUNT_7_PLUS_count, 0,             6
MAP_STAGE_ONPATH_VEC_REG_USE_COUNT_7_PLUS_total_count, 0,            21

MAP_STAGE_ONPATH_INT_REG_CONSUME_DIST_0_count, 0,             0
MAP_STAGE_ONPATH_INT_REG_CONSUME_DIST_0_pct, 0,        0.000
MAP_STAGE_ONPATH_INT_REG_CONSUME_DIST_0_total_count, 0,             0
MAP_STAGE_ONPATH_INT_REG_CONSUME_DIST_0_total_pct, 0,        0.000

MAP_STAGE_ONPATH_VEC_REG_CONSUME_DIST_0_count, 0,             0
MAP_STAGE_ONPATH_VEC_REG_CONSUME_DIST_0_pct, 0,        0.000
MAP_STAGE_ONPATH_VEC_REG_CONSUME_DIST_0_total_count, 0,             0
MAP_STAGE_ONPATH_VEC_REG_CONSUME_DIST_0_total_pct, 0,        0.000

MAP_STAGE_ONPATH_INT_REG_CONSUME_DIST_1_count, 0,             0
MAP_STAGE_ONPATH_INT_REG_CONSUME_DIST_1_pct, 0,        0.000
MAP_STAGE_ONPATH_INT_REG_CONSUME_DIST_1_total_count, 0,             0
MAP_STAGE_ONPATH_INT_REG_CONSUME_DIST_1_total_pct, 0,        0.000

MAP_STAGE_ONPATH_VEC_REG_CONSUME_DIST_1_count, 0,             0
MAP_STAGE_ONPATH_VEC_REG_CONSUME_DIST_1_pct, 0,        0.000
MAP_STAGE_ONPATH_VEC_REG_CONSUME_DIST_1_total_count, 0,             0
MAP_STAGE_ONPATH_VEC_REG_CONSUME_DIST_1_total_pct, 0,        0.000

MAP_STAGE_ONPATH_INT_REG_CONSUME_DIST_2_count, 0,       7045642
MAP_STAGE_ONPATH_INT_REG_CONSUME_DIST_2_pct, 0,        5.928
MAP_STAGE_ONPATH_INT_REG_CONSUME_DIST_2_total_count, 0,      20984954
MAP_STAGE_ONPATH_INT_REG_CONSUME_DIST_2_total_pct, 0,        5.898

MAP_STAGE_ONPATH_VEC_REG_CONSUME_DIST_2_count, 0,       8533941
MAP_STAGE_ONPATH_VEC_REG_CONSUME_DIST_2_pct, 0,      866.302
MAP_STAGE_ONPATH_VEC_REG_CONSUME_DIST_2_total_count, 0,      25310952
MAP_STAGE_ONPATH_VEC_REG_CONSUME_DIST_2_total_pct, 0,      870.211

MAP_STAGE_ONPATH_INT_REG_CONSUME_DIST_3_count, 0,       4164516
MAP_STAGE_ONPATH_INT_REG_CONSUME_DIST_3_pct, 0,       10.007
MAP_STAGE_ONPATH_INT_REG_CONSUME_DIST_3_total_count, 0,      12641442
MAP_STAGE_ONPATH_INT_REG_CONSUME_DIST_3_total_pct, 0,       10.053

MAP_STAGE_ONPATH_VEC_REG_CONSUME_DIST_3_count, 0,        125206
MAP_STAGE_ONPATH_VEC_REG_CONSUME_DIST_3_pct, 0,       62.697
MAP_STAGE_ONPATH_VEC_REG_CONSUME_DIST_3_total_count, 0,        364782
MAP_STAGE_ONPATH_VEC_REG_CONSUME_DIST_3_total_pct, 0,       60.116

MAP_STAGE_ONPATH_INT_REG_CONSUME_DIST_4_count, 0,       2970856
MAP_STAGE_ONPATH_INT_REG_CONSUME_DIST_4_pct, 0,       17.508
MAP_STAGE_ONPATH_INT_REG_CONSUME_DIST_4_total_count, 0,       9118820
MAP_STAGE_ONPATH_INT_REG_CONSUME_DIST_4_total_pct, 0,       17.905

MAP_STAGE_ONPATH_VEC_REG_CONSUME_DIST_4_count, 0,           865
MAP_STAGE_ONPATH_VEC_REG_CONSUME_DIST_4_pct, 0,        1.780
MAP_STAGE_ONPATH_VEC_REG_CONSUME_DIST_4_total_count, 0,          3278
MAP_STAGE_ONPATH_VEC_REG_CONSUME_DIST_4_total_pct, 0,        2.379

MAP_STAGE_ONPATH_INT_REG_CONSUME_DIST_5_count, 0,       1188352
MAP_STAGE_ONPATH_INT_REG_CONSUME_DIST_5_pct, 0,       13.397
MAP_STAGE_ONPATH_INT_REG_CONSUME_DIST_5_total_count, 0,       3601690
MAP_STAGE_ONPATH_INT_REG_CONSUME_DIST_5_total_pct, 0,       13.645

MAP_STAGE_ONPATH_VEC_REG_CONSUME_DIST_5_count, 0,          2861
MAP_STAGE_ONPATH_VEC_REG_CONSUME_DIST_5_pct, 0,       27.510
MAP_STAGE_ONPATH_VEC_REG_CONSUME_DIST_5_total_count, 0,          7697
MAP_STAGE_ONPATH_VEC_REG_CONSUME_DIST_5_total_pct, 0,       28.828

MAP_STAGE_ONPATH_INT_REG_CONSUME_DIST_6_count, 0,        909787
MAP_STAGE_ONPATH_INT_REG_CONSUME_DIST_6_pct, 0,       18.077
MAP_STAGE_ONPATH_INT_REG_CONSUME_DIST_6_total_count, 0,       2752015
MAP_STAGE_ONPATH_INT_REG_CONSUME_DIST_6_total_pct, 0,       17.968

MAP_STAGE_ONPATH_VEC_REG_CONSUME_DIST_6_count, 0,             0
MAP_STAGE_ONPATH_VEC_REG_CONSUME_DIST_6_pct, 0,         -nan
MAP_STAGE_ONPATH_VEC_REG_CONSUME_DIST_6_total_count, 0,             0
MAP_STAGE_ONPATH_VEC_REG_CONSUME_DIST_6_total_pct, 0,         -nan

MAP_STAGE_ONPATH_INT_REG_CONSUME_DIST_7_PLUS_count, 0,       5324875
MAP_STAGE_ONPATH_INT_REG_CONSUME_DIST_7_PLUS_pct, 0,       33.113
MAP_STAGE_ONPATH_INT_REG_CONSUME_DIST_7_PLUS_total_count, 0,      15593768
MAP_STAGE_ONPATH_INT_REG_CONSUME_DIST_7_PLUS_total_pct, 0,       32.059

MAP_STAGE_ONPATH_VEC_REG_CONSUME_DIST_7_PLUS_count, 0,           252
MAP_STAGE_ONPATH_VEC_REG_CONSUME_DIST_7_PLUS_pct, 0,       42.000
MAP_STAGE_ONPATH_VEC_REG_CONSUME_DIST_7_PLUS_total_count, 0,          6208
MAP_STAGE_ONPATH_VEC_REG_CONSUME_DIST_7_PLUS_total_pct, 0,      295.619

MAP_STAGE_INT_REG_ISSUE_READ_TOTAL_CONSUMED_count, 0,      11356763
MAP_STAGE_INT_REG_ISSUE_READ_TOTAL_CONSUMED_pct, 0,        3.410
MAP_STAGE_INT_REG_ISSUE_READ_TOTAL_CONSUMED_total_count, 0,      33934898
MAP_STAGE_INT_REG_ISSUE_READ_TOTAL_CONSUMED_total_pct, 0,        3.408

MAP_STAGE_VEC_REG_ISSUE_READ_TOTAL_CONSUMED_count, 0,         84541
MAP_STAGE_VEC_REG_ISSUE_READ_TOTAL_CONSUMED_pct, 0,        0.025
MAP_STAGE_VEC_REG_ISSUE_READ_TOTAL_CONSUMED_total_count, 0,        251396
MAP_STAGE_VEC_REG_ISSUE_READ_TOTAL_CONSUMED_total_pct, 0,        0.025

MAP_STAGE_INT_REG_ISSUE_READ_MULTI_CONSUMED_count, 0,       4949809
MAP_STAGE_INT_REG_ISSUE_READ_MULTI_CONSUMED_pct, 0,        1.486
MAP_STAGE_INT_REG_ISSUE_READ_MULTI_CONSUMED_total_count, 0,      14797294
MAP_STAGE_INT_REG_ISSUE_READ_MULTI_CONSUMED_total_pct, 0,        1.486

MAP_STAGE_VEC_REG_ISSUE_READ_MULTI_CONSUMED_count, 0,         16531
MAP_STAGE_VEC_REG_ISSUE_READ_MULTI_CONSUMED_pct, 0,        0.005
MAP_STAGE_VEC_REG_ISSUE_READ_MULTI_CONSUMED_total_count, 0,         49355
MAP_STAGE_VEC_REG_ISSUE_READ_MULTI_CONSUMED_total_pct, 0,        0.005

MAP_STAGE_INT_REG_ISSUE_READ_SAME_CYCLE_CONSUMED_count, 0,       2773266
MAP_STAGE_INT_REG_ISSUE_READ_SAME_CYCLE_CONSUMED_pct, 0,        0.833
MAP_STAGE_INT_REG_ISSUE_READ_SAME_CYCLE_CONSUMED_total_count, 0,       8343799
MAP_STAGE_INT_REG_ISSUE_READ_SAME_CYCLE_CONSUMED_total_pct, 0,        0.838

MAP_STAGE_VEC_REG_ISSUE_READ_SAME_CYCLE_CONSUMED_count, 0,          4183
MAP_STAGE_VEC_REG_ISSUE_READ_SAME_CYCLE_CONSUMED_pct, 0,        0.001
MAP_STAGE_VEC_REG_ISSUE_READ_SAME_CYCLE_CONSUMED_total_count, 0,         12580
MAP_STAGE_VEC_REG_ISSUE_READ_SAME_CYCLE_CONSUMED_total_pct, 0,        0.001

MAP_STAGE_INT_REG_ISSUE_READ_TOTAL_CONSUMED_ONPATH_count, 0,      10383055
MAP_STAGE_INT_REG_ISSUE_READ_TOTAL_CONSUMED_ONPATH_pct, 0,        3.771
MAP_STAGE_INT_REG_ISSUE_READ_TOTAL_CONSUMED_ONPATH_total_count, 0,      31188812
MAP_STAGE_INT_REG_ISSUE_READ_TOTAL_CONSUMED_ONPATH_total_pct, 0,        3.757

MAP_STAGE_VEC_REG_ISSUE_READ_TOTAL_CONSUMED_ONPATH_count, 0,         82427
MAP_STAGE_VEC_REG_ISSUE_READ_TOTAL_CONSUMED_ONPATH_pct, 0,        0.030
MAP_STAGE_VEC_REG_ISSUE_READ_TOTAL_CONSUMED_ONPATH_total_count, 0,        245059
MAP_STAGE_VEC_REG_ISSUE_READ_TOTAL_CONSUMED_ONPATH_total_pct, 0,        0.030

MAP_STAGE_INT_REG_ISSUE_READ_MULTI_CONSUMED_ONPATH_count, 0,       4452562
MAP_STAGE_INT_REG_ISSUE_READ_MULTI_CONSUMED_ONPATH_pct, 0,        1.617
MAP_STAGE_INT_REG_ISSUE_READ_MULTI_CONSUMED_ONPATH_total_count, 0,      13401753
MAP_STAGE_INT_REG_ISSUE_READ_MULTI_CONSUMED_ONPATH_total_pct, 0,        1.615

MAP_STAGE_VEC_REG_ISSUE_READ_MULTI_CONSUMED_ONPATH_count, 0,         15929
MAP_STAGE_VEC_REG_ISSUE_READ_MULTI_CONSUMED_ONPATH_pct, 0,        0.006
MAP_STAGE_VEC_REG_ISSUE_READ_MULTI_CONSUMED_ONPATH_total_count, 0,         47649
MAP_STAGE_VEC_REG_ISSUE_READ_MULTI_CONSUMED_ONPATH_total_pct, 0,        0.006

MAP_STAGE_INT_REG_ISSUE_READ_SAME_CYCLE_CONSUMED_ONPATH_count, 0,       2538809
MAP_STAGE_INT_REG_ISSUE_READ_SAME_CYCLE_CONSUMED_ONPATH_pct, 0,        0.922
MAP_STAGE_INT_REG_ISSUE_READ_SAME_CYCLE_CONSUMED_ONPATH_total_count, 0,       7679473
MAP_STAGE_INT_REG_ISSUE_READ_SAME_CYCLE_CONSUMED_ONPATH_total_pct, 0,        0.925

MAP_STAGE_VEC_REG_ISSUE_READ_SAME_CYCLE_CONSUMED_ONPATH_count, 0,          4182
MAP_STAGE_VEC_REG_ISSUE_READ_SAME_CYCLE_CONSUMED_ONPATH_pct, 0,        0.002
MAP_STAGE_VEC_REG_ISSUE_READ_SAME_CYCLE_CONSUMED_ONPATH_total_count, 0,         12554
MAP_STAGE_VEC_REG_ISSUE_READ_SAME_CYCLE_CONSUMED_ONPATH_total_pct, 0,        0.002

MAP_STAGE_ONPATH_INT_REG_LIFECYCLE_EMPTY_count, 0,     490699085
MAP_STAGE_ONPATH_INT_REG_LIFECYCLE_EMPTY_total_count, 0,    1505954194

MAP_STAGE_ONPATH_VEC_REG_LIFECYCLE_EMPTY_count, 0,       3762039
MAP_STAGE_ONPATH_VEC_REG_LIFECYCLE_EMPTY_total_count, 0,      11683768

MAP_STAGE_ONPATH_INT_REG_LIFECYCLE_IN_USE_count, 0,     575953769
MAP_STAGE_ONPATH_INT_REG_LIFECYCLE_IN_USE_total_count, 0,    1762603179

MAP_STAGE_ONPATH_VEC_REG_LIFECYCLE_IN_USE_count, 0,      13116832
MAP_STAGE_ONPATH_VEC_REG_LIFECYCLE_IN_USE_total_count, 0,      39461872

MAP_STAGE_ONPATH_INT_REG_LIFECYCLE_SPEC_RELEASE_count, 0,     825630176
MAP_STAGE_ONPATH_INT_REG_LIFECYCLE_SPEC_RELEASE_total_count, 0,    2517046619

MAP_STAGE_ONPATH_VEC_REG_LIFECYCLE_SPEC_RELEASE_count, 0,      65976514
MAP_STAGE_ONPATH_VEC_REG_LIFECYCLE_SPEC_RELEASE_total_count, 0,     178813784

MAP_STAGE_ONPATH_INT_REG_LIFECYCLE_NONSPEC_RELEASE_count, 0,     825630176
MAP_STAGE_ONPATH_INT_REG_LIFECYCLE_NONSPEC_RELEASE_total_count, 0,    2517046619

MAP_STAGE_ONPATH_VEC_REG_LIFECYCLE_NONSPEC_RELEASE_count, 0,      65976514
MAP_STAGE_ONPATH_VEC_REG_LIFECYCLE_NONSPEC_RELEASE_total_count, 0,     178813784

MAP_STAGE_ONPATH_INT_REG_LIFECYCLE_TOTAL_count, 0,     825630176
MAP_STAGE_ONPATH_INT_REG_LIFECYCLE_TOTAL_total_count, 0,    2517046619

MAP_STAGE_ONPATH_VEC_REG_LIFECYCLE_TOTAL_count, 0,      65976514
MAP_STAGE_ONPATH_VEC_REG_LIFECYCLE_TOTAL_total_count, 0,     178813784

MAP_STAGE_ONPATH_INT_REG_NUM_NONBRANCH_count, 0,       6570505
MAP_STAGE_ONPATH_INT_REG_NUM_NONBRANCH_total_count, 0,      19701527

MAP_STAGE_ONPATH_VEC_REG_NUM_NONBRANCH_count, 0,         66966
MAP_STAGE_ONPATH_VEC_REG_NUM_NONBRANCH_total_count, 0,        198732

MAP_STAGE_ONPATH_INT_REG_NUM_NONEXCEPT_count, 0,       6570505
MAP_STAGE_ONPATH_INT_REG_NUM_NONEXCEPT_total_count, 0,      19701527

MAP_STAGE_ONPATH_VEC_REG_NUM_NONEXCEPT_count, 0,         66966
MAP_STAGE_ONPATH_VEC_REG_NUM_NONEXCEPT_total_count, 0,        198732

MAP_STAGE_ONPATH_INT_REG_NUM_ATOMIC_count, 0,       6570505
MAP_STAGE_ONPATH_INT_REG_NUM_ATOMIC_total_count, 0,      19701527

MAP_STAGE_ONPATH_VEC_REG_NUM_ATOMIC_count, 0,         66966
MAP_STAGE_ONPATH_VEC_REG_NUM_ATOMIC_total_count, 0,        198732

MAP_STAGE_ONPATH_INT_REG_ATOMIC_REDEFINED_DIST_TOTAL_count, 0,     825630176
MAP_STAGE_ONPATH_INT_REG_ATOMIC_REDEFINED_DIST_TOTAL_pct, 0,      125.657
MAP_STAGE_ONPATH_INT_REG_ATOMIC_REDEFINED_DIST_TOTAL_total_count, 0,    2517046619
MAP_STAGE_ONPATH_INT_REG_ATOMIC_REDEFINED_DIST_TOTAL_total_pct, 0,      127.759

MAP_STAGE_ONPATH_VEC_REG_ATOMIC_REDEFINED_DIST_TOTAL_count, 0,      65976514
MAP_STAGE_ONPATH_VEC_REG_ATOMIC_REDEFINED_DIST_TOTAL_pct, 0,      985.224
MAP_STAGE_ONPATH_VEC_REG_ATOMIC_REDEFINED_DIST_TOTAL_total_count, 0,     178813784
MAP_STAGE_ONPATH_VEC_REG_ATOMIC_REDEFINED_DIST_TOTAL_total_pct, 0,      899.773

MAP_STAGE_ONPATH_INT_REG_ATOMIC_CONSUMED_DIST_TOTAL_count, 0,     575953769
MAP_STAGE_ONPATH_INT_REG_ATOMIC_CONSUMED_DIST_TOTAL_pct, 0,       87.657
MAP_STAGE_ONPATH_INT_REG_ATOMIC_CONSUMED_DIST_TOTAL_total_count, 0,    1762603179
MAP_STAGE_ONPATH_INT_REG_ATOMIC_CONSUMED_DIST_TOTAL_total_pct, 0,       89.465

MAP_STAGE_ONPATH_VEC_REG_ATOMIC_CONSUMED_DIST_TOTAL_count, 0,      13116832
MAP_STAGE_ONPATH_VEC_REG_ATOMIC_CONSUMED_DIST_TOTAL_pct, 0,      195.873
MAP_STAGE_ONPATH_VEC_REG_ATOMIC_CONSUMED_DIST_TOTAL_total_count, 0,      39461872
MAP_STAGE_ONPATH_VEC_REG_ATOMIC_CONSUMED_DIST_TOTAL_total_pct, 0,      198.568

MAP_STAGE_ONPATH_INT_REG_ATOMIC_RELEASE_DIST_TOTAL_count, 0,     825630176
MAP_STAGE_ONPATH_INT_REG_ATOMIC_RELEASE_DIST_TOTAL_pct, 0,      125.657
MAP_STAGE_ONPATH_INT_REG_ATOMIC_RELEASE_DIST_TOTAL_total_count, 0,    2517046619
MAP_STAGE_ONPATH_INT_REG_ATOMIC_RELEASE_DIST_TOTAL_total_pct, 0,      127.759

MAP_STAGE_ONPATH_VEC_REG_ATOMIC_RELEASE_DIST_TOTAL_count, 0,      65976514
MAP_STAGE_ONPATH_VEC_REG_ATOMIC_RELEASE_DIST_TOTAL_pct, 0,      985.224
MAP_STAGE_ONPATH_VEC_REG_ATOMIC_RELEASE_DIST_TOTAL_total_count, 0,     178813784
MAP_STAGE_ONPATH_VEC_REG_ATOMIC_RELEASE_DIST_TOTAL_total_pct, 0,      899.773

EXEC_STAGE_STARVED_count, 414,       4005717
EXEC_STAGE_STARVED_total_count, 414,      12086399

EXEC_STAGE_NOT_STARVED_count, 414,        224797
EXEC_STAGE_NOT_STARVED_total_count, 414,        718576

EXEC_STAGE_OFF_PATH_count, 414,        739719
EXEC_STAGE_OFF_PATH_total_count, 414,       2149531

FU_BUSY_0_count, 0,       1939913
FU_BUSY_0_total_count, 0,       5794603

FU_BUSY_1_count, 0,       1252938
FU_BUSY_1_total_count, 0,       3735598

FU_BUSY_2_count, 0,       1153444
FU_BUSY_2_total_count, 0,       3444952

FU_BUSY_3_count, 0,       1153820
FU_BUSY_3_total_count, 0,       3447992

FU_BUSY_4_count, 0,       1165926
FU_BUSY_4_total_count, 0,       3478145

FU_BUSY_5_count, 0,       2057168
FU_BUSY_5_total_count, 0,       6139277

FU_BUSY_6_count, 0,        834953
FU_BUSY_6_total_count, 0,       2502143

FU_BUSY_7_count, 0,        834923
FU_BUSY_7_total_count, 0,       2502052

FU_BUSY_8_count, 0,       1236298
FU_BUSY_8_total_count, 0,       3691371

FU_BUSY_9_count, 0,       1152735
FU_BUSY_9_total_count, 0,       3445993

FU_BUSY_10_count, 0,             0
FU_BUSY_10_total_count, 0,             0

FU_BUSY_11_count, 0,             0
FU_BUSY_11_total_count, 0,             0

FU_BUSY_12_count, 0,             0
FU_BUSY_12_total_count, 0,             0

FU_BUSY_13_count, 0,             0
FU_BUSY_13_total_count, 0,             0

FU_BUSY_14_count, 0,             0
FU_BUSY_14_total_count, 0,             0

FU_BUSY_15_count, 0,             0
FU_BUSY_15_total_count, 0,             0

FU_BUSY_16_count, 0,             0
FU_BUSY_16_total_count, 0,             0

FU_BUSY_17_count, 0,             0
FU_BUSY_17_total_count, 0,             0

FU_BUSY_18_count, 0,             0
FU_BUSY_18_total_count, 0,             0

FU_BUSY_19_count, 0,             0
FU_BUSY_19_total_count, 0,             0

FU_BUSY_20_count, 0,             0
FU_BUSY_20_total_count, 0,             0

FU_BUSY_21_count, 0,             0
FU_BUSY_21_total_count, 0,             0

FU_BUSY_22_count, 0,             0
FU_BUSY_22_total_count, 0,             0

FU_BUSY_23_count, 0,             0
FU_BUSY_23_total_count, 0,             0

FU_BUSY_24_count, 0,             0
FU_BUSY_24_total_count, 0,             0

FU_BUSY_25_count, 0,             0
FU_BUSY_25_total_count, 0,             0

FU_BUSY_26_count, 0,             0
FU_BUSY_26_total_count, 0,             0

FU_BUSY_27_count, 0,             0
FU_BUSY_27_total_count, 0,             0

FU_BUSY_28_count, 0,             0
FU_BUSY_28_total_count, 0,             0

FU_BUSY_29_count, 0,             0
FU_BUSY_29_total_count, 0,             0

FU_BUSY_30_count, 0,             0
FU_BUSY_30_total_count, 0,             0

FU_BUSY_31_count, 0,             0
FU_BUSY_31_total_count, 0,             0

FU_REJECTED_OP_INV_NOT_SIMD_count, 415,             0
FU_REJECTED_OP_INV_NOT_SIMD_total_count, 415,             0

FU_REJECTED_OP_NOP_NOT_SIMD_count, 415,             0
FU_REJECTED_OP_NOP_NOT_SIMD_total_count, 415,             0

FU_REJECTED_OP_CF_NOT_SIMD_count, 415,           203
FU_REJECTED_OP_CF_NOT_SIMD_total_count, 415,           878

FU_REJECTED_OP_MOV_NOT_SIMD_count, 415,           652
FU_REJECTED_OP_MOV_NOT_SIMD_total_count, 415,          1878

FU_REJECTED_OP_CMOV_NOT_SIMD_count, 415,             0
FU_REJECTED_OP_CMOV_NOT_SIMD_total_count, 415,             0

FU_REJECTED_OP_LDA_NOT_SIMD_count, 415,             0
FU_REJECTED_OP_LDA_NOT_SIMD_total_count, 415,             0

FU_REJECTED_OP_IMEM_NOT_SIMD_count, 415,        136415
FU_REJECTED_OP_IMEM_NOT_SIMD_total_count, 415,        421271

FU_REJECTED_OP_IADD_NOT_SIMD_count, 415,         25537
FU_REJECTED_OP_IADD_NOT_SIMD_total_count, 415,         76331

FU_REJECTED_OP_IMUL_NOT_SIMD_count, 415,          5707
FU_REJECTED_OP_IMUL_NOT_SIMD_total_count, 415,         16375

FU_REJECTED_OP_IDIV_NOT_SIMD_count, 415,             0
FU_REJECTED_OP_IDIV_NOT_SIMD_total_count, 415,             0

FU_REJECTED_OP_ICMP_NOT_SIMD_count, 415,             0
FU_REJECTED_OP_ICMP_NOT_SIMD_total_count, 415,             0

FU_REJECTED_OP_LOGIC_NOT_SIMD_count, 415,             0
FU_REJECTED_OP_LOGIC_NOT_SIMD_total_count, 415,             0

FU_REJECTED_OP_SHIFT_NOT_SIMD_count, 415,             0
FU_REJECTED_OP_SHIFT_NOT_SIMD_total_count, 415,             0

FU_REJECTED_OP_FMEM_NOT_SIMD_count, 415,             0
FU_REJECTED_OP_FMEM_NOT_SIMD_total_count, 415,             0

FU_REJECTED_OP_FCVT_NOT_SIMD_count, 415,             0
FU_REJECTED_OP_FCVT_NOT_SIMD_total_count, 415,             0

FU_REJECTED_OP_FADD_NOT_SIMD_count, 415,             0
FU_REJECTED_OP_FADD_NOT_SIMD_total_count, 415,             0

FU_REJECTED_OP_FMUL_NOT_SIMD_count, 415,             0
FU_REJECTED_OP_FMUL_NOT_SIMD_total_count, 415,             0

FU_REJECTED_OP_FMA_NOT_SIMD_count, 415,             0
FU_REJECTED_OP_FMA_NOT_SIMD_total_count, 415,             0

FU_REJECTED_OP_FDIV_NOT_SIMD_count, 415,             0
FU_REJECTED_OP_FDIV_NOT_SIMD_total_count, 415,             0

FU_REJECTED_OP_FCMP_NOT_SIMD_count, 415,             0
FU_REJECTED_OP_FCMP_NOT_SIMD_total_count, 415,             0

FU_REJECTED_OP_FCMOV_NOT_SIMD_count, 415,             0
FU_REJECTED_OP_FCMOV_NOT_SIMD_total_count, 415,             0

FU_REJECTED_OP_GATHER_NOT_SIMD_count, 415,             0
FU_REJECTED_OP_GATHER_NOT_SIMD_total_count, 415,             0

FU_REJECTED_OP_SCATTER_NOT_SIMD_count, 415,             0
FU_REJECTED_OP_SCATTER_NOT_SIMD_total_count, 415,             0

FU_REJECTED_OP_PIPELINED_FAST_NOT_SIMD_count, 415,             0
FU_REJECTED_OP_PIPELINED_FAST_NOT_SIMD_total_count, 415,             0

FU_REJECTED_OP_PIPELINED_MEDIUM_NOT_SIMD_count, 415,             0
FU_REJECTED_OP_PIPELINED_MEDIUM_NOT_SIMD_total_count, 415,             0

FU_REJECTED_OP_PIPELINED_SLOW_NOT_SIMD_count, 415,             0
FU_REJECTED_OP_PIPELINED_SLOW_NOT_SIMD_total_count, 415,             0

FU_REJECTED_OP_NOTPIPELINED_MEDIUM_NOT_SIMD_count, 415,             0
FU_REJECTED_OP_NOTPIPELINED_MEDIUM_NOT_SIMD_total_count, 415,             0

FU_REJECTED_OP_NOTPIPELINED_SLOW_NOT_SIMD_count, 415,             0
FU_REJECTED_OP_NOTPIPELINED_SLOW_NOT_SIMD_total_count, 415,             0

FU_REJECTED_OP_NOTPIPELINED_VERY_SLOW_NOT_SIMD_count, 415,             0
FU_REJECTED_OP_NOTPIPELINED_VERY_SLOW_NOT_SIMD_total_count, 415,             0

FU_REJECTED_OP_INV_SIMD_count, 415,             0
FU_REJECTED_OP_INV_SIMD_total_count, 415,             0

FU_REJECTED_OP_NOP_SIMD_count, 415,             0
FU_REJECTED_OP_NOP_SIMD_total_count, 415,             0

FU_REJECTED_OP_CF_SIMD_count, 415,             0
FU_REJECTED_OP_CF_SIMD_total_count, 415,             0

FU_REJECTED_OP_MOV_SIMD_count, 415,           311
FU_REJECTED_OP_MOV_SIMD_total_count, 415,           741

FU_REJECTED_OP_CMOV_SIMD_count, 415,             0
FU_REJECTED_OP_CMOV_SIMD_total_count, 415,             0

FU_REJECTED_OP_LDA_SIMD_count, 415,             0
FU_REJECTED_OP_LDA_SIMD_total_count, 415,             0

FU_REJECTED_OP_IMEM_SIMD_count, 415,             0
FU_REJECTED_OP_IMEM_SIMD_total_count, 415,             0

FU_REJECTED_OP_IADD_SIMD_count, 415,             0
FU_REJECTED_OP_IADD_SIMD_total_count, 415,             0

FU_REJECTED_OP_IMUL_SIMD_count, 415,             0
FU_REJECTED_OP_IMUL_SIMD_total_count, 415,             1

FU_REJECTED_OP_IDIV_SIMD_count, 415,             0
FU_REJECTED_OP_IDIV_SIMD_total_count, 415,             0

FU_REJECTED_OP_ICMP_SIMD_count, 415,             0
FU_REJECTED_OP_ICMP_SIMD_total_count, 415,             0

FU_REJECTED_OP_LOGIC_SIMD_count, 415,             0
FU_REJECTED_OP_LOGIC_SIMD_total_count, 415,             0

FU_REJECTED_OP_SHIFT_SIMD_count, 415,             0
FU_REJECTED_OP_SHIFT_SIMD_total_count, 415,             0

FU_REJECTED_OP_FMEM_SIMD_count, 415,             0
FU_REJECTED_OP_FMEM_SIMD_total_count, 415,             0

FU_REJECTED_OP_FCVT_SIMD_count, 415,           930
FU_REJECTED_OP_FCVT_SIMD_total_count, 415,          3267

FU_REJECTED_OP_FADD_SIMD_count, 415,           851
FU_REJECTED_OP_FADD_SIMD_total_count, 415,         11616

FU_REJECTED_OP_FMUL_SIMD_count, 415,             0
FU_REJECTED_OP_FMUL_SIMD_total_count, 415,             0

FU_REJECTED_OP_FMA_SIMD_count, 415,             0
FU_REJECTED_OP_FMA_SIMD_total_count, 415,             0

FU_REJECTED_OP_FDIV_SIMD_count, 415,             0
FU_REJECTED_OP_FDIV_SIMD_total_count, 415,             0

FU_REJECTED_OP_FCMP_SIMD_count, 415,             0
FU_REJECTED_OP_FCMP_SIMD_total_count, 415,             0

FU_REJECTED_OP_FCMOV_SIMD_count, 415,             0
FU_REJECTED_OP_FCMOV_SIMD_total_count, 415,             0

FU_REJECTED_OP_GATHER_SIMD_count, 415,             0
FU_REJECTED_OP_GATHER_SIMD_total_count, 415,             0

FU_REJECTED_OP_SCATTER_SIMD_count, 415,             0
FU_REJECTED_OP_SCATTER_SIMD_total_count, 415,             0

FU_REJECTED_OP_PIPELINED_FAST_SIMD_count, 415,             0
FU_REJECTED_OP_PIPELINED_FAST_SIMD_total_count, 415,             0

FU_REJECTED_OP_PIPELINED_MEDIUM_SIMD_count, 415,             0
FU_REJECTED_OP_PIPELINED_MEDIUM_SIMD_total_count, 415,             0

FU_REJECTED_OP_PIPELINED_SLOW_SIMD_count, 415,             0
FU_REJECTED_OP_PIPELINED_SLOW_SIMD_total_count, 415,             0

FU_REJECTED_OP_NOTPIPELINED_MEDIUM_SIMD_count, 415,             0
FU_REJECTED_OP_NOTPIPELINED_MEDIUM_SIMD_total_count, 415,             0

FU_REJECTED_OP_NOTPIPELINED_SLOW_SIMD_count, 415,             0
FU_REJECTED_OP_NOTPIPELINED_SLOW_SIMD_total_count, 415,             0

FU_REJECTED_OP_NOTPIPELINED_VERY_SLOW_SIMD_count, 415,             0
FU_REJECTED_OP_NOTPIPELINED_VERY_SLOW_SIMD_total_count, 415,             0

LSQ_FULL_TOTAL_count, 0,        161002
LSQ_FULL_TOTAL_total_count, 0,        496602

LSQ_FULL_LOAD_QUEUE_count, 0,          1884
LSQ_FULL_LOAD_QUEUE_total_count, 0,          5685

LSQ_FULL_STORE_QUEUE_count, 0,        159118
LSQ_FULL_STORE_QUEUE_total_count, 0,        490917

OP_WAIT_0_count, 0,       7072425
OP_WAIT_0_total_count, 0,      21297637

OP_WAIT_1_count, 0,       1820453
OP_WAIT_1_total_count, 0,       5259475

OP_WAIT_2_count, 0,        438240
OP_WAIT_2_total_count, 0,       1280628

OP_WAIT_3_count, 0,        189838
OP_WAIT_3_total_count, 0,        560277

OP_WAIT_4_count, 0,        103588
OP_WAIT_4_total_count, 0,        307984

OP_WAIT_5_count, 0,         73802
OP_WAIT_5_total_count, 0,        224055

OP_WAIT_6_count, 0,         56711
OP_WAIT_6_total_count, 0,        174666

OP_WAIT_7_count, 0,         40945
OP_WAIT_7_total_count, 0,        127954

OP_WAIT_8_count, 0,         34105
OP_WAIT_8_total_count, 0,        105469

OP_WAIT_9_count, 0,         32268
OP_WAIT_9_total_count, 0,         97284

OP_WAIT_10_count, 0,         24936
OP_WAIT_10_total_count, 0,         79650

OP_WAIT_11_count, 0,         21863
OP_WAIT_11_total_count, 0,         69422

OP_WAIT_12_count, 0,         23726
OP_WAIT_12_total_count, 0,         71624

OP_WAIT_13_count, 0,         22999
OP_WAIT_13_total_count, 0,         66184

OP_WAIT_14_count, 0,         18188
OP_WAIT_14_total_count, 0,         55216

OP_WAIT_15_count, 0,         15792
OP_WAIT_15_total_count, 0,         48736

OP_WAIT_16_count, 0,         15501
OP_WAIT_16_total_count, 0,         48830

OP_WAIT_17_count, 0,         14727
OP_WAIT_17_total_count, 0,         45786

OP_WAIT_18_count, 0,         16388
OP_WAIT_18_total_count, 0,         52896

OP_WAIT_19_count, 0,         16942
OP_WAIT_19_total_count, 0,         54589

OP_WAIT_20_count, 0,         15430
OP_WAIT_20_total_count, 0,         50858

OP_WAIT_21_count, 0,         15551
OP_WAIT_21_total_count, 0,         49556

OP_WAIT_22_count, 0,         18494
OP_WAIT_22_total_count, 0,         54861

OP_WAIT_23_count, 0,         19258
OP_WAIT_23_total_count, 0,         52449

OP_WAIT_24_count, 0,         17940
OP_WAIT_24_total_count, 0,         52093

OP_WAIT_25_count, 0,         18984
OP_WAIT_25_total_count, 0,         52997

OP_WAIT_26_count, 0,         17732
OP_WAIT_26_total_count, 0,         49722

OP_WAIT_27_count, 0,         17467
OP_WAIT_27_total_count, 0,         52315

OP_WAIT_28_count, 0,         19529
OP_WAIT_28_total_count, 0,         56696

OP_WAIT_29_count, 0,         17290
OP_WAIT_29_total_count, 0,         51622

OP_WAIT_30_count, 0,         15271
OP_WAIT_30_total_count, 0,         46308

OP_WAIT_31_count, 0,        754152
OP_WAIT_31_total_count, 0,       2383062

ROW_SIZE_0_count, 0,       2894393
ROW_SIZE_0_total_count, 0,       8729332

ROW_SIZE_1_count, 0,        482433
ROW_SIZE_1_total_count, 0,       1426964

ROW_SIZE_2_count, 0,        114011
ROW_SIZE_2_total_count, 0,        342385

ROW_SIZE_3_count, 0,         73336
ROW_SIZE_3_total_count, 0,        223792

ROW_SIZE_4_count, 0,         66699
ROW_SIZE_4_total_count, 0,        198999

ROW_SIZE_5_count, 0,         57161
ROW_SIZE_5_total_count, 0,        173500

ROW_SIZE_6_count, 0,         52206
ROW_SIZE_6_total_count, 0,        153034

ROW_SIZE_7_count, 0,         32645
ROW_SIZE_7_total_count, 0,         95997

ROW_SIZE_8_count, 0,       1121965
ROW_SIZE_8_total_count, 0,       3368014

ROW_SIZE_9_count, 0,             0
ROW_SIZE_9_total_count, 0,             0

ROW_SIZE_10_count, 0,             0
ROW_SIZE_10_total_count, 0,             0

ROW_SIZE_11_count, 0,             0
ROW_SIZE_11_total_count, 0,             0

ROW_SIZE_12_count, 0,             0
ROW_SIZE_12_total_count, 0,             0

ROW_SIZE_13_count, 0,             0
ROW_SIZE_13_total_count, 0,             0

ROW_SIZE_14_count, 0,             0
ROW_SIZE_14_total_count, 0,             0

ROW_SIZE_15_count, 0,             0
ROW_SIZE_15_total_count, 0,             0

ROW_SIZE_16_count, 0,             0
ROW_SIZE_16_total_count, 0,             0

ROW_SIZE_17_count, 0,             0
ROW_SIZE_17_total_count, 0,             0

ROW_SIZE_18_count, 0,             0
ROW_SIZE_18_total_count, 0,             0

ROW_SIZE_19_count, 0,             0
ROW_SIZE_19_total_count, 0,             0

ROW_SIZE_20_count, 0,             0
ROW_SIZE_20_total_count, 0,             0

ROW_SIZE_21_count, 0,             0
ROW_SIZE_21_total_count, 0,             0

ROW_SIZE_22_count, 0,             0
ROW_SIZE_22_total_count, 0,             0

ROW_SIZE_23_count, 0,             0
ROW_SIZE_23_total_count, 0,             0

ROW_SIZE_24_count, 0,             0
ROW_SIZE_24_total_count, 0,             0

ROW_SIZE_25_count, 0,             0
ROW_SIZE_25_total_count, 0,             0

ROW_SIZE_26_count, 0,             0
ROW_SIZE_26_total_count, 0,             0

ROW_SIZE_27_count, 0,             0
ROW_SIZE_27_total_count, 0,             0

ROW_SIZE_28_count, 0,             0
ROW_SIZE_28_total_count, 0,             0

ROW_SIZE_29_count, 0,             0
ROW_SIZE_29_total_count, 0,             0

ROW_SIZE_30_count, 0,             0
ROW_SIZE_30_total_count, 0,             0

ROW_SIZE_31_count, 0,             0
ROW_SIZE_31_total_count, 0,             0

RET_OP_EXEC_COUNT_0_count, 416,             0
RET_OP_EXEC_COUNT_0_total_count, 416,             0

RET_OP_EXEC_COUNT_1_count, 416,      11000535
RET_OP_EXEC_COUNT_1_total_count, 416,      32980901

RET_OP_EXEC_COUNT_2_count, 416,             0
RET_OP_EXEC_COUNT_2_total_count, 416,             0

RET_OP_EXEC_COUNT_3_count, 416,             0
RET_OP_EXEC_COUNT_3_total_count, 416,             0

RET_OP_EXEC_COUNT_4_count, 416,             0
RET_OP_EXEC_COUNT_4_total_count, 416,             0

RET_OP_EXEC_COUNT_5_count, 416,             0
RET_OP_EXEC_COUNT_5_total_count, 416,             0

RET_OP_EXEC_COUNT_6_count, 416,             0
RET_OP_EXEC_COUNT_6_total_count, 416,             0

RET_OP_EXEC_COUNT_7_count, 416,             0
RET_OP_EXEC_COUNT_7_total_count, 416,             0

RET_OP_EXEC_COUNT_8_count, 416,             0
RET_OP_EXEC_COUNT_8_total_count, 416,             0

RET_OP_EXEC_COUNT_9_count, 416,             0
RET_OP_EXEC_COUNT_9_total_count, 416,             0

RET_OP_EXEC_COUNT_10_count, 416,             0
RET_OP_EXEC_COUNT_10_total_count, 416,             0

RET_OP_EXEC_COUNT_11_count, 416,             0
RET_OP_EXEC_COUNT_11_total_count, 416,             0

RET_OP_EXEC_COUNT_12_count, 416,             0
RET_OP_EXEC_COUNT_12_total_count, 416,             0

RET_OP_EXEC_COUNT_13_count, 416,             0
RET_OP_EXEC_COUNT_13_total_count, 416,             0

RET_OP_EXEC_COUNT_14_count, 416,             0
RET_OP_EXEC_COUNT_14_total_count, 416,             0

RET_OP_EXEC_COUNT_15_count, 416,             0
RET_OP_EXEC_COUNT_15_total_count, 416,             0

RET_OP_EXEC_COUNT_16_count, 416,             0
RET_OP_EXEC_COUNT_16_total_count, 416,             0

RET_OP_EXEC_COUNT_17_count, 416,             0
RET_OP_EXEC_COUNT_17_total_count, 416,             0

RET_OP_EXEC_COUNT_18_count, 416,             0
RET_OP_EXEC_COUNT_18_total_count, 416,             0

RET_OP_EXEC_COUNT_19_count, 416,             0
RET_OP_EXEC_COUNT_19_total_count, 416,             0

RET_OP_EXEC_COUNT_20_count, 416,             0
RET_OP_EXEC_COUNT_20_total_count, 416,             0

RET_OP_EXEC_COUNT_21_count, 416,             0
RET_OP_EXEC_COUNT_21_total_count, 416,             0

RET_OP_EXEC_COUNT_22_count, 416,             0
RET_OP_EXEC_COUNT_22_total_count, 416,             0

RET_OP_EXEC_COUNT_23_count, 416,             0
RET_OP_EXEC_COUNT_23_total_count, 416,             0

RET_OP_EXEC_COUNT_24_count, 416,             0
RET_OP_EXEC_COUNT_24_total_count, 416,             0

RET_OP_EXEC_COUNT_25_count, 416,             0
RET_OP_EXEC_COUNT_25_total_count, 416,             0

RET_OP_EXEC_COUNT_26_count, 416,             0
RET_OP_EXEC_COUNT_26_total_count, 416,             0

RET_OP_EXEC_COUNT_27_count, 416,             0
RET_OP_EXEC_COUNT_27_total_count, 416,             0

RET_OP_EXEC_COUNT_28_count, 416,             0
RET_OP_EXEC_COUNT_28_total_count, 416,             0

RET_OP_EXEC_COUNT_29_count, 416,             0
RET_OP_EXEC_COUNT_29_total_count, 416,             0

RET_OP_EXEC_COUNT_30_count, 416,             0
RET_OP_EXEC_COUNT_30_total_count, 416,             0

RET_OP_EXEC_COUNT_31_count, 416,             0
RET_OP_EXEC_COUNT_31_total_count, 416,             0

RET_OP_EXEC_COUNT_32_count, 416,             0
RET_OP_EXEC_COUNT_32_total_count, 416,             0

RET_STALL_LENGTH_0_count, 417,      11000297
RET_STALL_LENGTH_0_total_count, 417,      32979559

RET_STALL_LENGTH_100_count, 417,           221
RET_STALL_LENGTH_100_total_count, 417,          1100

RET_STALL_LENGTH_200_count, 417,            10
RET_STALL_LENGTH_200_total_count, 417,           194

RET_STALL_LENGTH_300_count, 417,             0
RET_STALL_LENGTH_300_total_count, 417,            10

RET_STALL_LENGTH_400_count, 417,             1
RET_STALL_LENGTH_400_total_count, 417,             7

RET_STALL_LENGTH_500_count, 417,             2
RET_STALL_LENGTH_500_total_count, 417,             7

RET_STALL_LENGTH_600_count, 417,             0
RET_STALL_LENGTH_600_total_count, 417,             2

RET_STALL_LENGTH_700_count, 417,             0
RET_STALL_LENGTH_700_total_count, 417,             1

RET_STALL_LENGTH_800_count, 417,             0
RET_STALL_LENGTH_800_total_count, 417,             2

RET_STALL_LENGTH_900_count, 417,             1
RET_STALL_LENGTH_900_total_count, 417,             3

RET_STALL_LENGTH_1000_count, 417,             1
RET_STALL_LENGTH_1000_total_count, 417,             3

RET_STALL_LENGTH_1100_count, 417,             2
RET_STALL_LENGTH_1100_total_count, 417,             5

RET_STALL_LENGTH_1200_count, 417,             0
RET_STALL_LENGTH_1200_total_count, 417,             6

RET_STALL_LENGTH_1300_count, 417,             0
RET_STALL_LENGTH_1300_total_count, 417,             2

RET_STALL_LENGTH_1400_count, 417,             0
RET_STALL_LENGTH_1400_total_count, 417,             0

RET_STALL_LENGTH_1500_count, 417,             0
RET_STALL_LENGTH_1500_total_count, 417,             0

RET_STALL_LENGTH_1600_count, 417,             0
RET_STALL_LENGTH_1600_total_count, 417,             0

RET_STALL_LENGTH_1700_count, 417,             0
RET_STALL_LENGTH_1700_total_count, 417,             0

RET_STALL_LENGTH_1800_count, 417,             0
RET_STALL_LENGTH_1800_total_count, 417,             0

RET_STALL_LENGTH_1900_count, 417,             0
RET_STALL_LENGTH_1900_total_count, 417,             0

RET_STALL_LENGTH_2000_count, 417,             0
RET_STALL_LENGTH_2000_total_count, 417,             0

RET_STALL_LENGTH_2100_count, 417,             0
RET_STALL_LENGTH_2100_total_count, 417,             0

RET_STALL_LENGTH_2200_count, 417,             0
RET_STALL_LENGTH_2200_total_count, 417,             0

RET_STALL_LENGTH_2300_count, 417,             0
RET_STALL_LENGTH_2300_total_count, 417,             0

RET_STALL_LENGTH_2400_count, 417,             0
RET_STALL_LENGTH_2400_total_count, 417,             0

RET_STALL_LENGTH_2500_count, 417,             0
RET_STALL_LENGTH_2500_total_count, 417,             0

RET_STALL_LENGTH_2600_count, 417,             0
RET_STALL_LENGTH_2600_total_count, 417,             0

RET_STALL_LENGTH_2700_count, 417,             0
RET_STALL_LENGTH_2700_total_count, 417,             0

RET_STALL_LENGTH_2800_count, 417,             0
RET_STALL_LENGTH_2800_total_count, 417,             0

RET_STALL_LENGTH_2900_count, 417,             0
RET_STALL_LENGTH_2900_total_count, 417,             0

RET_STALL_LENGTH_3000_count, 417,             0
RET_STALL_LENGTH_3000_total_count, 417,             0

RET_STALL_LENGTH_3100_count, 417,             0
RET_STALL_LENGTH_3100_total_count, 417,             0

RET_STALL_LENGTH_3200_count, 417,             0
RET_STALL_LENGTH_3200_total_count, 417,             0

RET_STALL_LENGTH_3300_count, 417,             0
RET_STALL_LENGTH_3300_total_count, 417,             0

RET_STALL_LENGTH_3400_count, 417,             0
RET_STALL_LENGTH_3400_total_count, 417,             0

RET_STALL_LENGTH_3500_count, 417,             0
RET_STALL_LENGTH_3500_total_count, 417,             0

RET_STALL_LENGTH_3600_count, 417,             0
RET_STALL_LENGTH_3600_total_count, 417,             0

RET_STALL_LENGTH_3700_count, 417,             0
RET_STALL_LENGTH_3700_total_count, 417,             0

RET_STALL_LENGTH_3800_count, 417,             0
RET_STALL_LENGTH_3800_total_count, 417,             0

RET_STALL_LENGTH_3900_count, 417,             0
RET_STALL_LENGTH_3900_total_count, 417,             0

RET_STALL_LENGTH_4000_count, 417,             0
RET_STALL_LENGTH_4000_total_count, 417,             0

RET_STALL_LENGTH_4100_count, 417,             0
RET_STALL_LENGTH_4100_total_count, 417,             0

RET_STALL_LENGTH_4200_count, 417,             0
RET_STALL_LENGTH_4200_total_count, 417,             0

RET_STALL_LENGTH_4300_count, 417,             0
RET_STALL_LENGTH_4300_total_count, 417,             0

RET_STALL_LENGTH_4400_count, 417,             0
RET_STALL_LENGTH_4400_total_count, 417,             0

RET_STALL_LENGTH_4500_count, 417,             0
RET_STALL_LENGTH_4500_total_count, 417,             0

RET_STALL_LENGTH_4600_count, 417,             0
RET_STALL_LENGTH_4600_total_count, 417,             0

RET_STALL_LENGTH_4700_count, 417,             0
RET_STALL_LENGTH_4700_total_count, 417,             0

RET_STALL_LENGTH_4800_count, 417,             0
RET_STALL_LENGTH_4800_total_count, 417,             0

RET_STALL_LENGTH_4900_count, 417,             0
RET_STALL_LENGTH_4900_total_count, 417,             0

RET_STALL_LENGTH_5000_count, 417,             0
RET_STALL_LENGTH_5000_total_count, 417,             0

MEM_BLOCK_LENGTH_0_count, 418,             0
MEM_BLOCK_LENGTH_0_total_count, 418,           163

MEM_BLOCK_LENGTH_100_count, 418,             0
MEM_BLOCK_LENGTH_100_total_count, 418,             3

MEM_BLOCK_LENGTH_200_count, 418,             0
MEM_BLOCK_LENGTH_200_total_count, 418,             0

MEM_BLOCK_LENGTH_300_count, 418,             0
MEM_BLOCK_LENGTH_300_total_count, 418,             0

MEM_BLOCK_LENGTH_400_count, 418,             0
MEM_BLOCK_LENGTH_400_total_count, 418,             0

MEM_BLOCK_LENGTH_500_count, 418,             0
MEM_BLOCK_LENGTH_500_total_count, 418,             0

MEM_BLOCK_LENGTH_600_count, 418,             0
MEM_BLOCK_LENGTH_600_total_count, 418,             0

MEM_BLOCK_LENGTH_700_count, 418,             0
MEM_BLOCK_LENGTH_700_total_count, 418,             0

MEM_BLOCK_LENGTH_800_count, 418,             0
MEM_BLOCK_LENGTH_800_total_count, 418,             0

MEM_BLOCK_LENGTH_900_count, 418,             0
MEM_BLOCK_LENGTH_900_total_count, 418,             0

MEM_BLOCK_LENGTH_1000_count, 418,             0
MEM_BLOCK_LENGTH_1000_total_count, 418,             0

MEM_BLOCK_LENGTH_1100_count, 418,             0
MEM_BLOCK_LENGTH_1100_total_count, 418,             0

MEM_BLOCK_LENGTH_1200_count, 418,             0
MEM_BLOCK_LENGTH_1200_total_count, 418,             1

MEM_BLOCK_LENGTH_1300_count, 418,             0
MEM_BLOCK_LENGTH_1300_total_count, 418,             0

MEM_BLOCK_LENGTH_1400_count, 418,             0
MEM_BLOCK_LENGTH_1400_total_count, 418,             0

MEM_BLOCK_LENGTH_1500_count, 418,             0
MEM_BLOCK_LENGTH_1500_total_count, 418,             0

MEM_BLOCK_LENGTH_1600_count, 418,             0
MEM_BLOCK_LENGTH_1600_total_count, 418,             0

MEM_BLOCK_LENGTH_1700_count, 418,             0
MEM_BLOCK_LENGTH_1700_total_count, 418,             0

MEM_BLOCK_LENGTH_1800_count, 418,             0
MEM_BLOCK_LENGTH_1800_total_count, 418,             0

MEM_BLOCK_LENGTH_1900_count, 418,             0
MEM_BLOCK_LENGTH_1900_total_count, 418,             0

MEM_BLOCK_LENGTH_2000_count, 418,             0
MEM_BLOCK_LENGTH_2000_total_count, 418,             0

MEM_BLOCK_LENGTH_2100_count, 418,             0
MEM_BLOCK_LENGTH_2100_total_count, 418,             0

MEM_BLOCK_LENGTH_2200_count, 418,             0
MEM_BLOCK_LENGTH_2200_total_count, 418,             0

MEM_BLOCK_LENGTH_2300_count, 418,             0
MEM_BLOCK_LENGTH_2300_total_count, 418,             0

MEM_BLOCK_LENGTH_2400_count, 418,             0
MEM_BLOCK_LENGTH_2400_total_count, 418,             0

MEM_BLOCK_LENGTH_2500_count, 418,             0
MEM_BLOCK_LENGTH_2500_total_count, 418,             0

MEM_BLOCK_LENGTH_2600_count, 418,             0
MEM_BLOCK_LENGTH_2600_total_count, 418,             0

MEM_BLOCK_LENGTH_2700_count, 418,             0
MEM_BLOCK_LENGTH_2700_total_count, 418,             0

MEM_BLOCK_LENGTH_2800_count, 418,             0
MEM_BLOCK_LENGTH_2800_total_count, 418,             0

MEM_BLOCK_LENGTH_2900_count, 418,             0
MEM_BLOCK_LENGTH_2900_total_count, 418,             0

MEM_BLOCK_LENGTH_3000_count, 418,             0
MEM_BLOCK_LENGTH_3000_total_count, 418,             0

MEM_BLOCK_LENGTH_3100_count, 418,             0
MEM_BLOCK_LENGTH_3100_total_count, 418,             0

MEM_BLOCK_LENGTH_3200_count, 418,             0
MEM_BLOCK_LENGTH_3200_total_count, 418,             0

MEM_BLOCK_LENGTH_3300_count, 418,             0
MEM_BLOCK_LENGTH_3300_total_count, 418,             0

MEM_BLOCK_LENGTH_3400_count, 418,             0
MEM_BLOCK_LENGTH_3400_total_count, 418,             0

MEM_BLOCK_LENGTH_3500_count, 418,             0
MEM_BLOCK_LENGTH_3500_total_count, 418,             0

MEM_BLOCK_LENGTH_3600_count, 418,             0
MEM_BLOCK_LENGTH_3600_total_count, 418,             0

MEM_BLOCK_LENGTH_3700_count, 418,             0
MEM_BLOCK_LENGTH_3700_total_count, 418,             0

MEM_BLOCK_LENGTH_3800_count, 418,             0
MEM_BLOCK_LENGTH_3800_total_count, 418,             0

MEM_BLOCK_LENGTH_3900_count, 418,             0
MEM_BLOCK_LENGTH_3900_total_count, 418,             0

MEM_BLOCK_LENGTH_4000_count, 418,             0
MEM_BLOCK_LENGTH_4000_total_count, 418,             0

MEM_BLOCK_LENGTH_4100_count, 418,             0
MEM_BLOCK_LENGTH_4100_total_count, 418,             0

MEM_BLOCK_LENGTH_4200_count, 418,             0
MEM_BLOCK_LENGTH_4200_total_count, 418,             0

MEM_BLOCK_LENGTH_4300_count, 418,             0
MEM_BLOCK_LENGTH_4300_total_count, 418,             0

MEM_BLOCK_LENGTH_4400_count, 418,             0
MEM_BLOCK_LENGTH_4400_total_count, 418,             0

MEM_BLOCK_LENGTH_4500_count, 418,             0
MEM_BLOCK_LENGTH_4500_total_count, 418,             0

MEM_BLOCK_LENGTH_4600_count, 418,             0
MEM_BLOCK_LENGTH_4600_total_count, 418,             0

MEM_BLOCK_LENGTH_4700_count, 418,             0
MEM_BLOCK_LENGTH_4700_total_count, 418,             0

MEM_BLOCK_LENGTH_4800_count, 418,             0
MEM_BLOCK_LENGTH_4800_total_count, 418,             0

MEM_BLOCK_LENGTH_4900_count, 418,             0
MEM_BLOCK_LENGTH_4900_total_count, 418,             0

MEM_BLOCK_LENGTH_5000_count, 418,             0
MEM_BLOCK_LENGTH_5000_total_count, 418,             0

FUS_BUSY_ON_PATH_count, 0,      11282922
FUS_BUSY_ON_PATH_pct, 0,        2.270
FUS_BUSY_ON_PATH_total_count, 0,      33876982
FUS_BUSY_ON_PATH_total_pct, 0,        2.265

FUS_BUSY_OFF_PATH_count, 0,       1499196
FUS_BUSY_OFF_PATH_pct, 0,        0.302
FUS_BUSY_OFF_PATH_total_count, 0,       4305144
FUS_BUSY_OFF_PATH_total_pct, 0,        0.288

FU_BUSY_MEM_STALL_count, 0,        313255
FU_BUSY_MEM_STALL_pct, 0,        0.063
FU_BUSY_MEM_STALL_total_count, 0,        982123
FU_BUSY_MEM_STALL_total_pct, 0,        0.066

FUS_EMPTY_count, 0,      36920212
FUS_EMPTY_pct, 0,        7.428
FUS_EMPTY_total_count, 0,     111362934
FUS_EMPTY_total_pct, 0,        7.447

FU_UNAVAILABLE_count, 0,          9284
FU_UNAVAILABLE_pct, 0,        0.002
FU_UNAVAILABLE_total_count, 0,         26854
FU_UNAVAILABLE_total_pct, 0,        0.002

FU_MEM_UNAVAILABLE_count, 0,        161322
FU_MEM_UNAVAILABLE_pct, 0,        0.032
FU_MEM_UNAVAILABLE_total_count, 0,        505504
FU_MEM_UNAVAILABLE_total_pct, 0,        0.034

FU_OTHER_UNAVAILABLE_count, 0,             0
FU_OTHER_UNAVAILABLE_pct, 0,        0.000
FU_OTHER_UNAVAILABLE_total_count, 0,             0
FU_OTHER_UNAVAILABLE_total_pct, 0,        0.000

FU_REPLAY_count, 0,             0
FU_REPLAY_pct, 0,        0.000
FU_REPLAY_total_count, 0,             0
FU_REPLAY_total_pct, 0,        0.000

FU_STARVED_count, 0,      36819431
FU_STARVED_pct, 0,        7.408
FU_STARVED_total_count, 0,     111074639
FU_STARVED_total_pct, 0,        7.428

CHIP_UTILIZATION_count, 0,             0
CHIP_UTILIZATION_pct, 0,        0.000
CHIP_UTILIZATION_total_count, 0,             0
CHIP_UTILIZATION_total_pct, 0,        0.000

CYCLES_UNDER_MEM_REQ_count, 0,             0
CYCLES_UNDER_MEM_REQ_total_count, 0,             0

CYCLES_UNDER_NO_MEM_REQ_count, 0,             0
CYCLES_UNDER_NO_MEM_REQ_total_count, 0,             0

CYCLES_UNDER_CRITICAL_MEM_REQ_count, 0,             0
CYCLES_UNDER_CRITICAL_MEM_REQ_total_count, 0,             0

CYCLES_UNDER_NONCRITICAL_MEM_REQ_count, 0,             0
CYCLES_UNDER_NONCRITICAL_MEM_REQ_total_count, 0,             0

CHIP_UTILIZATION_UNDER_MEM_REQ_count, 0,             0
CHIP_UTILIZATION_UNDER_MEM_REQ_pct, 0,         -nan
CHIP_UTILIZATION_UNDER_MEM_REQ_total_count, 0,             0
CHIP_UTILIZATION_UNDER_MEM_REQ_total_pct, 0,         -nan

CHIP_UTILIZATION_UNDER_NO_MEM_REQ_count, 0,             0
CHIP_UTILIZATION_UNDER_NO_MEM_REQ_pct, 0,         -nan
CHIP_UTILIZATION_UNDER_NO_MEM_REQ_total_count, 0,             0
CHIP_UTILIZATION_UNDER_NO_MEM_REQ_total_pct, 0,         -nan

CHIP_UTILIZATION_UNDER_CRITICAL_MEM_REQ_count, 0,             0
CHIP_UTILIZATION_UNDER_CRITICAL_MEM_REQ_pct, 0,         -nan
CHIP_UTILIZATION_UNDER_CRITICAL_MEM_REQ_total_count, 0,             0
CHIP_UTILIZATION_UNDER_CRITICAL_MEM_REQ_total_pct, 0,         -nan

CHIP_UTILIZATION_UNDER_NONCRITICAL_MEM_REQ_count, 0,             0
CHIP_UTILIZATION_UNDER_NONCRITICAL_MEM_REQ_pct, 0,         -nan
CHIP_UTILIZATION_UNDER_NONCRITICAL_MEM_REQ_total_count, 0,             0
CHIP_UTILIZATION_UNDER_NONCRITICAL_MEM_REQ_total_pct, 0,         -nan

CYCLES_NOT_WAITING_FOR_OFF_CHIP_count, 0,             0
CYCLES_NOT_WAITING_FOR_OFF_CHIP_pct, 0,        0.000
CYCLES_NOT_WAITING_FOR_OFF_CHIP_total_count, 0,             0
CYCLES_NOT_WAITING_FOR_OFF_CHIP_total_pct, 0,        0.000

FUS_BUSY_NOT_WAITING_FOR_OFF_CHIP_count, 0,             0
FUS_BUSY_NOT_WAITING_FOR_OFF_CHIP_pct, 0,         -nan
FUS_BUSY_NOT_WAITING_FOR_OFF_CHIP_total_count, 0,             0
FUS_BUSY_NOT_WAITING_FOR_OFF_CHIP_total_pct, 0,         -nan

CYCLES_WAITING_FOR_OFF_CHIP_count, 0,             0
CYCLES_WAITING_FOR_OFF_CHIP_pct, 0,        0.000
CYCLES_WAITING_FOR_OFF_CHIP_total_count, 0,             0
CYCLES_WAITING_FOR_OFF_CHIP_total_pct, 0,        0.000

FUS_BUSY_WAITING_FOR_OFF_CHIP_count, 0,             0
FUS_BUSY_WAITING_FOR_OFF_CHIP_pct, 0,         -nan
FUS_BUSY_WAITING_FOR_OFF_CHIP_total_count, 0,             0
FUS_BUSY_WAITING_FOR_OFF_CHIP_total_pct, 0,         -nan

TOTAL_OFF_CHIP_DELAYS_LEFT_count, 0,             0
TOTAL_OFF_CHIP_DELAYS_LEFT_total_count, 0,             0

WRONG_IO_SCHED_count, 0,             0
WRONG_IO_SCHED_total_count, 0,             0

DVFS_CONFIG_SWITCH_count, 0,             0
DVFS_CONFIG_SWITCH_total_count, 0,             0

MAP_STAGE_RECEIVED_OPS_0_count, 419,             0
MAP_STAGE_RECEIVED_OPS_0_total_count, 419,             0

MAP_STAGE_RECEIVED_OPS_1_count, 419,         20601
MAP_STAGE_RECEIVED_OPS_1_total_count, 419,         59850

MAP_STAGE_RECEIVED_OPS_2_count, 419,         21159
MAP_STAGE_RECEIVED_OPS_2_total_count, 419,         63632

MAP_STAGE_RECEIVED_OPS_3_count, 419,         28648
MAP_STAGE_RECEIVED_OPS_3_total_count, 419,         85296

MAP_STAGE_RECEIVED_OPS_4_count, 419,         33965
MAP_STAGE_RECEIVED_OPS_4_total_count, 419,        102414

MAP_STAGE_RECEIVED_OPS_5_count, 419,         34324
MAP_STAGE_RECEIVED_OPS_5_total_count, 419,        102935

MAP_STAGE_RECEIVED_OPS_6_count, 419,       1746941
MAP_STAGE_RECEIVED_OPS_6_total_count, 419,       5238158

MAP_STAGE_RECEIVED_OPS_7_count, 419,             0
MAP_STAGE_RECEIVED_OPS_7_total_count, 419,             0

MAP_STAGE_RECEIVED_OPS_8_count, 419,             0
MAP_STAGE_RECEIVED_OPS_8_total_count, 419,             0

MAP_STAGE_RECEIVED_OPS_MAX_count, 419,             0
MAP_STAGE_RECEIVED_OPS_MAX_total_count, 419,             0

MAP_STAGE_WAIT_FOR_DECODE_count, 420,             0
MAP_STAGE_WAIT_FOR_DECODE_total_count, 420,             0

MAP_STAGE_CONSUME_DECODE_count, 420,             0
MAP_STAGE_CONSUME_DECODE_total_count, 420,             0

MAP_STAGE_WAIT_FOR_DECODE2_count, 421,             0
MAP_STAGE_WAIT_FOR_DECODE2_total_count, 421,             0

MAP_STAGE_CONSUME_DECODE2_count, 421,             0
MAP_STAGE_CONSUME_DECODE2_total_count, 421,             0

FTQ_RECOVER_EXEC_count, 0,         32010
FTQ_RECOVER_EXEC_total_count, 0,         92914

FTQ_RECOVER_DECODE_count, 0,            27
FTQ_RECOVER_DECODE_total_count, 0,           307

FTQ_OFFPATH_CYCLES_count, 0,       3854475
FTQ_OFFPATH_CYCLES_total_count, 0,      11502849

FTQ_CYCLES_OFFPATH_count, 0,       3854409
FTQ_CYCLES_OFFPATH_total_count, 0,      11502849

FTQ_CYCLES_ONPATH_count, 0,       1115824
FTQ_CYCLES_ONPATH_total_count, 0,       3451657

FTQ_FETCHED_INS_ONPATH_count, 0,      10999943
FTQ_FETCHED_INS_ONPATH_total_count, 0,      32980901

FTQ_FETCHED_INS_OFFPATH_count, 0,      23836670
FTQ_FETCHED_INS_OFFPATH_total_count, 0,      70116052

FTQ_BREAK_FULL_FT_ONPATH_count, 0,        403747
FTQ_BREAK_FULL_FT_ONPATH_total_count, 0,       1308307

FTQ_BREAK_FULL_FT_OFFPATH_count, 0,       1952170
FTQ_BREAK_FULL_FT_OFFPATH_total_count, 0,       5919592

FTQ_BREAK_PRED_BR_ONPATH_count, 0,             0
FTQ_BREAK_PRED_BR_ONPATH_total_count, 0,             0

FTQ_BREAK_PRED_BR_OFFPATH_count, 0,             0
FTQ_BREAK_PRED_BR_OFFPATH_total_count, 0,             0

FTQ_BREAK_BAR_FETCH_ONPATH_count, 0,             0
FTQ_BREAK_BAR_FETCH_ONPATH_total_count, 0,             0

FTQ_BREAK_BAR_FETCH_OFFPATH_count, 0,             0
FTQ_BREAK_BAR_FETCH_OFFPATH_total_count, 0,             0

FTQ_BREAK_MAX_CFS_TAKEN_ONPATH_count, 0,             0
FTQ_BREAK_MAX_CFS_TAKEN_ONPATH_total_count, 0,             0

FTQ_BREAK_MAX_CFS_TAKEN_OFFPATH_count, 0,             0
FTQ_BREAK_MAX_CFS_TAKEN_OFFPATH_total_count, 0,             0

FTQ_BREAK_MAX_FT_ONPATH_count, 0,        711617
FTQ_BREAK_MAX_FT_ONPATH_total_count, 0,       2142889

FTQ_BREAK_MAX_FT_OFFPATH_count, 0,       1902238
FTQ_BREAK_MAX_FT_OFFPATH_total_count, 0,       5583257

DFE_GEN_ON_PATH_FT_count, 0,       1132919
DFE_GEN_ON_PATH_FT_total_count, 0,       3422505

DFE_GEN_OFF_PATH_FT_count, 0,       2101003
DFE_GEN_OFF_PATH_FT_total_count, 0,       6183976

DFE_L0_ENABLED_PREDICTIONS_count, 0,      10999945
DFE_L0_ENABLED_PREDICTIONS_total_count, 0,      32980901

DFE_L0_WRONG_MAIN_CORRECT_count, 0,        319328
DFE_L0_WRONG_MAIN_CORRECT_total_count, 0,        961648

DFE_L0_WRONG_MAIN_WRONG_count, 0,         30456
DFE_L0_WRONG_MAIN_WRONG_total_count, 0,         88292

DFE_L0_CORRECT_MAIN_WRONG_count, 0,          1580
DFE_L0_CORRECT_MAIN_WRONG_total_count, 0,          4929

DFE_L0_CORRECT_MAIN_CORRECT_count, 0,      10648581
DFE_L0_CORRECT_MAIN_CORRECT_total_count, 0,      31926032

DFE_L0_WRONG_MAIN_CORRECT_RECOVERY_SCHEDULED_count, 0,             0
DFE_L0_WRONG_MAIN_CORRECT_RECOVERY_SCHEDULED_total_count, 0,             0

FTQ_SAW_BAR_FETCH_OFFPATH_count, 0,             0
FTQ_SAW_BAR_FETCH_OFFPATH_total_count, 0,             0

FTQ_SAW_BAR_FETCH_ONPATH_count, 0,             0
FTQ_SAW_BAR_FETCH_ONPATH_total_count, 0,             0

DFE_CONF_0_RECOVER_AT_EXEC_count, 422,             0
DFE_CONF_0_RECOVER_AT_EXEC_total_count, 422,             0

DFE_CONF_1_RECOVER_AT_EXEC_count, 422,             0
DFE_CONF_1_RECOVER_AT_EXEC_total_count, 422,             0

DFE_CONF_2_RECOVER_AT_EXEC_count, 422,             0
DFE_CONF_2_RECOVER_AT_EXEC_total_count, 422,             0

DFE_CONF_3_RECOVER_AT_EXEC_count, 422,             0
DFE_CONF_3_RECOVER_AT_EXEC_total_count, 422,             0

DFE_CONF_0_CORRECT_count, 422,             0
DFE_CONF_0_CORRECT_total_count, 422,             0

DFE_CONF_1_CORRECT_count, 422,             0
DFE_CONF_1_CORRECT_total_count, 422,             0

DFE_CONF_2_CORRECT_count, 422,             0
DFE_CONF_2_CORRECT_total_count, 422,             0

DFE_CONF_3_CORRECT_count, 422,             0
DFE_CONF_3_CORRECT_total_count, 422,             0

DFE_ON_CONF_ON_OPS_count, 423,             0
DFE_ON_CONF_ON_OPS_total_count, 423,             0

DFE_ON_CONF_OFF_OPS_count, 423,             0
DFE_ON_CONF_OFF_OPS_total_count, 423,             0

DFE_OFF_CONF_ON_OPS_count, 423,             0
DFE_OFF_CONF_ON_OPS_total_count, 423,             0

DFE_OFF_CONF_OFF_REALISTIC_OPS_count, 423,             0
DFE_OFF_CONF_OFF_REALISTIC_OPS_total_count, 423,             0

DFE_OFF_CONF_OFF_PERFECT_OPS_count, 423,             0
DFE_OFF_CONF_OFF_PERFECT_OPS_total_count, 423,             0

DFE_ON_CONF_ON_FETCH_TARGETS_count, 424,             0
DFE_ON_CONF_ON_FETCH_TARGETS_total_count, 424,             0

DFE_ON_CONF_OFF_FETCH_TARGETS_count, 424,             0
DFE_ON_CONF_OFF_FETCH_TARGETS_total_count, 424,             0

DFE_OFF_CONF_ON_FETCH_TARGETS_count, 424,             0
DFE_OFF_CONF_ON_FETCH_TARGETS_total_count, 424,             0

DFE_OFF_CONF_OFF_REALISTIC_FETCH_TARGETS_count, 424,             0
DFE_OFF_CONF_OFF_REALISTIC_FETCH_TARGETS_total_count, 424,             0

DFE_OFF_CONF_OFF_PERFECT_FETCH_TARGETS_count, 424,             0
DFE_OFF_CONF_OFF_PERFECT_FETCH_TARGETS_total_count, 424,             0

DFE_ON_CONF_ON_CYCLES_count, 425,             0
DFE_ON_CONF_ON_CYCLES_total_count, 425,             0

DFE_ON_CONF_OFF_CYCLES_count, 425,             0
DFE_ON_CONF_OFF_CYCLES_total_count, 425,             0

DFE_OFF_CONF_ON_CYCLES_count, 425,             0
DFE_OFF_CONF_ON_CYCLES_total_count, 425,             0

DFE_OFF_CONF_OFF_REALISTIC_CYCLES_count, 425,             0
DFE_OFF_CONF_OFF_REALISTIC_CYCLES_total_count, 425,             0

DFE_OFF_CONF_OFF_PERFECT_CYCLES_count, 425,             0
DFE_OFF_CONF_OFF_PERFECT_CYCLES_total_count, 425,             0

DFE_OFF_CONF_ON_NUM_EVENTS_count, 0,             0
DFE_OFF_CONF_ON_NUM_EVENTS_total_count, 0,             0

DFE_OFF_CONF_ON_NOT_IDENTIFIED_EVENTS_count, 426,             0
DFE_OFF_CONF_ON_NOT_IDENTIFIED_EVENTS_total_count, 426,             0

DFE_OFF_CONF_ON_IBTB_MISS_EVENTS_count, 426,             0
DFE_OFF_CONF_ON_IBTB_MISS_EVENTS_total_count, 426,             0

DFE_OFF_CONF_ON_BTB_MISS_EVENTS_count, 426,             0
DFE_OFF_CONF_ON_BTB_MISS_EVENTS_total_count, 426,             0

DFE_OFF_CONF_ON_BTB_MISS_RECOVER_AT_EXEC_EVENTS_count, 426,             0
DFE_OFF_CONF_ON_BTB_MISS_RECOVER_AT_EXEC_EVENTS_total_count, 426,             0

DFE_OFF_CONF_ON_RECOVER_AT_EXEC_EVENTS_count, 426,             0
DFE_OFF_CONF_ON_RECOVER_AT_EXEC_EVENTS_total_count, 426,             0

DFE_OFF_CONF_ON_RECOVER_AT_DECODE_EVENTS_count, 426,             0
DFE_OFF_CONF_ON_RECOVER_AT_DECODE_EVENTS_total_count, 426,             0

DFE_OFF_CONF_ON_LATE_BTB_HIT_EVENTS_count, 0,             0
DFE_OFF_CONF_ON_LATE_BTB_HIT_EVENTS_total_count, 0,             0

DFE_OFF_CONF_ON_NOT_IDENTIFIED_CYCLES_count, 427,             0
DFE_OFF_CONF_ON_NOT_IDENTIFIED_CYCLES_total_count, 427,             0

DFE_OFF_CONF_ON_IBTB_MISS_CYCLES_count, 427,             0
DFE_OFF_CONF_ON_IBTB_MISS_CYCLES_total_count, 427,             0

DFE_OFF_CONF_ON_BTB_MISS_CYCLES_count, 427,             0
DFE_OFF_CONF_ON_BTB_MISS_CYCLES_total_count, 427,             0

DFE_OFF_CONF_ON_BTB_MISS_RECOVER_AT_EXEC_CYCLES_count, 427,             0
DFE_OFF_CONF_ON_BTB_MISS_RECOVER_AT_EXEC_CYCLES_total_count, 427,             0

DFE_OFF_CONF_ON_RECOVER_AT_EXEC_CYCLES_count, 427,             0
DFE_OFF_CONF_ON_RECOVER_AT_EXEC_CYCLES_total_count, 427,             0

DFE_OFF_CONF_ON_RECOVER_AT_DECODE_CYCLES_count, 427,             0
DFE_OFF_CONF_ON_RECOVER_AT_DECODE_CYCLES_total_count, 427,             0

DFE_OFF_CONF_ON_LATE_BTB_HIT_CYCLES_count, 0,             0
DFE_OFF_CONF_ON_LATE_BTB_HIT_CYCLES_total_count, 0,             0

DFE_OFF_CONF_ON_NOT_IDENTIFIED_FETCH_TARGETS_count, 428,             0
DFE_OFF_CONF_ON_NOT_IDENTIFIED_FETCH_TARGETS_total_count, 428,             0

DFE_OFF_CONF_ON_IBTB_MISS_FETCH_TARGETS_count, 428,             0
DFE_OFF_CONF_ON_IBTB_MISS_FETCH_TARGETS_total_count, 428,             0

DFE_OFF_CONF_ON_BTB_MISS_FETCH_TARGETS_count, 428,             0
DFE_OFF_CONF_ON_BTB_MISS_FETCH_TARGETS_total_count, 428,             0

DFE_OFF_CONF_ON_BTB_MISS_RECOVER_AT_EXEC_FETCH_TARGETS_count, 428,             0
DFE_OFF_CONF_ON_BTB_MISS_RECOVER_AT_EXEC_FETCH_TARGETS_total_count, 428,             0

DFE_OFF_CONF_ON_RECOVER_AT_EXEC_FETCH_TARGETS_count, 428,             0
DFE_OFF_CONF_ON_RECOVER_AT_EXEC_FETCH_TARGETS_total_count, 428,             0

DFE_OFF_CONF_ON_RECOVER_AT_DECODE_FETCH_TARGETS_count, 428,             0
DFE_OFF_CONF_ON_RECOVER_AT_DECODE_FETCH_TARGETS_total_count, 428,             0

DFE_OFF_CONF_ON_LATE_BTB_HIT_FETCH_TARGETS_count, 0,             0
DFE_OFF_CONF_ON_LATE_BTB_HIT_FETCH_TARGETS_total_count, 0,             0

DFE_OFF_CONF_ON_BP_INCORRECT_0_CONF_count, 429,             0
DFE_OFF_CONF_ON_BP_INCORRECT_0_CONF_total_count, 429,             0

DFE_OFF_CONF_ON_BP_INCORRECT_1_CONF_count, 429,             0
DFE_OFF_CONF_ON_BP_INCORRECT_1_CONF_total_count, 429,             0

DFE_OFF_CONF_ON_BP_INCORRECT_2_CONF_count, 429,             0
DFE_OFF_CONF_ON_BP_INCORRECT_2_CONF_total_count, 429,             0

DFE_OFF_CONF_ON_BP_INCORRECT_3_CONF_count, 429,             0
DFE_OFF_CONF_ON_BP_INCORRECT_3_CONF_total_count, 429,             0

DFE_OFF_CONF_ON_BTB_MISS_CBR_0_CONF_count, 430,             0
DFE_OFF_CONF_ON_BTB_MISS_CBR_0_CONF_total_count, 430,             0

DFE_OFF_CONF_ON_BTB_MISS_CBR_1_CONF_count, 430,             0
DFE_OFF_CONF_ON_BTB_MISS_CBR_1_CONF_total_count, 430,             0

DFE_OFF_CONF_ON_BTB_MISS_CBR_2_CONF_count, 430,             0
DFE_OFF_CONF_ON_BTB_MISS_CBR_2_CONF_total_count, 430,             0

DFE_OFF_CONF_ON_BTB_MISS_CBR_3_CONF_count, 430,             0
DFE_OFF_CONF_ON_BTB_MISS_CBR_3_CONF_total_count, 430,             0

DFE_OFF_CONF_ON_BTB_MISS_NOT_CF_count, 431,             0
DFE_OFF_CONF_ON_BTB_MISS_NOT_CF_total_count, 431,             0

DFE_OFF_CONF_ON_BTB_MISS_CF_BR_count, 431,             0
DFE_OFF_CONF_ON_BTB_MISS_CF_BR_total_count, 431,             0

DFE_OFF_CONF_ON_BTB_MISS_CF_CBR_count, 431,             0
DFE_OFF_CONF_ON_BTB_MISS_CF_CBR_total_count, 431,             0

DFE_OFF_CONF_ON_BTB_MISS_CF_CALL_count, 431,             0
DFE_OFF_CONF_ON_BTB_MISS_CF_CALL_total_count, 431,             0

DFE_OFF_CONF_ON_BTB_MISS_CF_IBR_count, 431,             0
DFE_OFF_CONF_ON_BTB_MISS_CF_IBR_total_count, 431,             0

DFE_OFF_CONF_ON_BTB_MISS_CF_ICALL_count, 431,             0
DFE_OFF_CONF_ON_BTB_MISS_CF_ICALL_total_count, 431,             0

DFE_OFF_CONF_ON_BTB_MISS_CF_ICO_count, 431,             0
DFE_OFF_CONF_ON_BTB_MISS_CF_ICO_total_count, 431,             0

DFE_OFF_CONF_ON_BTB_MISS_CF_RET_count, 431,             0
DFE_OFF_CONF_ON_BTB_MISS_CF_RET_total_count, 431,             0

DFE_OFF_CONF_ON_BTB_MISS_CF_SYS_count, 431,             0
DFE_OFF_CONF_ON_BTB_MISS_CF_SYS_total_count, 431,             0

DFE_ON_CONF_OFF_NUM_EVENTS_count, 0,             0
DFE_ON_CONF_OFF_NUM_EVENTS_total_count, 0,             0

CONF_BTB_NUM_CYCLES_OFF_PATH_EVENT_count, 0,             0
CONF_BTB_NUM_CYCLES_OFF_PATH_EVENT_total_count, 0,             0

DFE_ON_CONF_OFF_IBTB_MISS_BP_TAKEN_count, 432,             0
DFE_ON_CONF_OFF_IBTB_MISS_BP_TAKEN_total_count, 432,             0

DFE_ON_CONF_OFF_BTB_MISS_BP_TAKEN_CONF_0_count, 432,             0
DFE_ON_CONF_OFF_BTB_MISS_BP_TAKEN_CONF_0_total_count, 432,             0

DFE_ON_CONF_OFF_BTB_MISS_BP_TAKEN_CONF_1_count, 432,             0
DFE_ON_CONF_OFF_BTB_MISS_BP_TAKEN_CONF_1_total_count, 432,             0

DFE_ON_CONF_OFF_BTB_MISS_BP_TAKEN_CONF_2_count, 432,             0
DFE_ON_CONF_OFF_BTB_MISS_BP_TAKEN_CONF_2_total_count, 432,             0

DFE_ON_CONF_OFF_BTB_MISS_BP_TAKEN_CONF_3_count, 432,             0
DFE_ON_CONF_OFF_BTB_MISS_BP_TAKEN_CONF_3_total_count, 432,             0

DFE_ON_CONF_OFF_BTB_MISS_RATE_count, 432,             0
DFE_ON_CONF_OFF_BTB_MISS_RATE_total_count, 432,             0

DFE_ON_CONF_OFF_IBTB_MISS_RATE_count, 432,             0
DFE_ON_CONF_OFF_IBTB_MISS_RATE_total_count, 432,             0

DFE_ON_CONF_OFF_RECOVER_AT_DECODE_RATE_count, 432,             0
DFE_ON_CONF_OFF_RECOVER_AT_DECODE_RATE_total_count, 432,             0

DFE_ON_CONF_OFF_RECOVER_AT_EXEC_RATE_count, 432,             0
DFE_ON_CONF_OFF_RECOVER_AT_EXEC_RATE_total_count, 432,             0

DFE_ON_CONF_OFF_INV_CONF_INC_count, 432,             0
DFE_ON_CONF_OFF_INV_CONF_INC_total_count, 432,             0

DFE_ON_CONF_OFF_PERFECT_CONF_count, 432,             0
DFE_ON_CONF_OFF_PERFECT_CONF_total_count, 432,             0

DFE_ON_CONF_OFF_IBTB_MISS_BP_TAKEN_CYCLES_count, 433,             0
DFE_ON_CONF_OFF_IBTB_MISS_BP_TAKEN_CYCLES_total_count, 433,             0

DFE_ON_CONF_OFF_BTB_MISS_BP_TAKEN_CONF_0_CYCLES_count, 433,             0
DFE_ON_CONF_OFF_BTB_MISS_BP_TAKEN_CONF_0_CYCLES_total_count, 433,             0

DFE_ON_CONF_OFF_BTB_MISS_BP_TAKEN_CONF_1_CYCLES_count, 433,             0
DFE_ON_CONF_OFF_BTB_MISS_BP_TAKEN_CONF_1_CYCLES_total_count, 433,             0

DFE_ON_CONF_OFF_BTB_MISS_BP_TAKEN_CONF_2_CYCLES_count, 433,             0
DFE_ON_CONF_OFF_BTB_MISS_BP_TAKEN_CONF_2_CYCLES_total_count, 433,             0

DFE_ON_CONF_OFF_BTB_MISS_BP_TAKEN_CONF_3_CYCLES_count, 433,             0
DFE_ON_CONF_OFF_BTB_MISS_BP_TAKEN_CONF_3_CYCLES_total_count, 433,             0

DFE_ON_CONF_OFF_BTB_MISS_RATE_CYCLES_count, 433,             0
DFE_ON_CONF_OFF_BTB_MISS_RATE_CYCLES_total_count, 433,             0

DFE_ON_CONF_OFF_IBTB_MISS_RATE_CYCLES_count, 433,             0
DFE_ON_CONF_OFF_IBTB_MISS_RATE_CYCLES_total_count, 433,             0

DFE_ON_CONF_OFF_RECOVER_AT_DECODE_RATE_CYCLES_count, 433,             0
DFE_ON_CONF_OFF_RECOVER_AT_DECODE_RATE_CYCLES_total_count, 433,             0

DFE_ON_CONF_OFF_RECOVER_AT_EXEC_RATE_CYCLES_count, 433,             0
DFE_ON_CONF_OFF_RECOVER_AT_EXEC_RATE_CYCLES_total_count, 433,             0

DFE_ON_CONF_OFF_INV_CONF_INC_CYCLES_count, 433,             0
DFE_ON_CONF_OFF_INV_CONF_INC_CYCLES_total_count, 433,             0

DFE_ON_CONF_OFF_PERFECT_CONF_CYCLES_count, 433,             0
DFE_ON_CONF_OFF_PERFECT_CONF_CYCLES_total_count, 433,             0

DFE_ON_CONF_OFF_IBTB_MISS_BP_TAKEN_FETCH_TARGETS_count, 434,             0
DFE_ON_CONF_OFF_IBTB_MISS_BP_TAKEN_FETCH_TARGETS_total_count, 434,             0

DFE_ON_CONF_OFF_BTB_MISS_BP_TAKEN_CONF_0_FETCH_TARGETS_count, 434,             0
DFE_ON_CONF_OFF_BTB_MISS_BP_TAKEN_CONF_0_FETCH_TARGETS_total_count, 434,             0

DFE_ON_CONF_OFF_BTB_MISS_BP_TAKEN_CONF_1_FETCH_TARGETS_count, 434,             0
DFE_ON_CONF_OFF_BTB_MISS_BP_TAKEN_CONF_1_FETCH_TARGETS_total_count, 434,             0

DFE_ON_CONF_OFF_BTB_MISS_BP_TAKEN_CONF_2_FETCH_TARGETS_count, 434,             0
DFE_ON_CONF_OFF_BTB_MISS_BP_TAKEN_CONF_2_FETCH_TARGETS_total_count, 434,             0

DFE_ON_CONF_OFF_BTB_MISS_BP_TAKEN_CONF_3_FETCH_TARGETS_count, 434,             0
DFE_ON_CONF_OFF_BTB_MISS_BP_TAKEN_CONF_3_FETCH_TARGETS_total_count, 434,             0

DFE_ON_CONF_OFF_BTB_MISS_RATE_FETCH_TARGETS_count, 434,             0
DFE_ON_CONF_OFF_BTB_MISS_RATE_FETCH_TARGETS_total_count, 434,             0

DFE_ON_CONF_OFF_IBTB_MISS_RATE_FETCH_TARGETS_count, 434,             0
DFE_ON_CONF_OFF_IBTB_MISS_RATE_FETCH_TARGETS_total_count, 434,             0

DFE_ON_CONF_OFF_RECOVER_AT_DECODE_RATE_FETCH_TARGETS_count, 434,             0
DFE_ON_CONF_OFF_RECOVER_AT_DECODE_RATE_FETCH_TARGETS_total_count, 434,             0

DFE_ON_CONF_OFF_RECOVER_AT_EXEC_RATE_FETCH_TARGETS_count, 434,             0
DFE_ON_CONF_OFF_RECOVER_AT_EXEC_RATE_FETCH_TARGETS_total_count, 434,             0

DFE_ON_CONF_OFF_INV_CONF_INC_FETCH_TARGETS_count, 434,             0
DFE_ON_CONF_OFF_INV_CONF_INC_FETCH_TARGETS_total_count, 434,             0

DFE_ON_CONF_OFF_PERFECT_CONF_FETCH_TARGETS_count, 434,             0
DFE_ON_CONF_OFF_PERFECT_CONF_FETCH_TARGETS_total_count, 434,             0

CONF_OFF_IBTB_MISS_BP_TAKEN_count, 435,             0
CONF_OFF_IBTB_MISS_BP_TAKEN_total_count, 435,             0

CONF_OFF_BTB_MISS_BP_TAKEN_CONF_0_count, 435,             0
CONF_OFF_BTB_MISS_BP_TAKEN_CONF_0_total_count, 435,             0

CONF_OFF_BTB_MISS_BP_TAKEN_CONF_1_count, 435,             0
CONF_OFF_BTB_MISS_BP_TAKEN_CONF_1_total_count, 435,             0

CONF_OFF_BTB_MISS_BP_TAKEN_CONF_2_count, 435,             0
CONF_OFF_BTB_MISS_BP_TAKEN_CONF_2_total_count, 435,             0

CONF_OFF_BTB_MISS_BP_TAKEN_CONF_3_count, 435,             0
CONF_OFF_BTB_MISS_BP_TAKEN_CONF_3_total_count, 435,             0

CONF_OFF_BTB_MISS_RATE_count, 435,             0
CONF_OFF_BTB_MISS_RATE_total_count, 435,             0

CONF_OFF_IBTB_MISS_RATE_count, 435,             0
CONF_OFF_IBTB_MISS_RATE_total_count, 435,             0

CONF_OFF_RECOVER_AT_DECODE_RATE_count, 435,             0
CONF_OFF_RECOVER_AT_DECODE_RATE_total_count, 435,             0

CONF_OFF_RECOVER_AT_EXEC_RATE_count, 435,             0
CONF_OFF_RECOVER_AT_EXEC_RATE_total_count, 435,             0

CONF_OFF_INV_CONF_INC_count, 435,             0
CONF_OFF_INV_CONF_INC_total_count, 435,             0

CONF_OFF_PERFECT_CONF_count, 435,             0
CONF_OFF_PERFECT_CONF_total_count, 435,             0

TOPDOWN_TOTAL_SLOTS_count, 0,      29821398
TOPDOWN_TOTAL_SLOTS_total_count, 0,      89727036

TOPDOWN_ISSUED_SLOTS_count, 0,      16283570
TOPDOWN_ISSUED_SLOTS_total_count, 0,      48353379

TOPDOWN_RETIRED_SLOTS_count, 0,      11000185
TOPDOWN_RETIRED_SLOTS_total_count, 0,      32980901

TOPDOWN_FETCH_BUBBLES_SLOTS_count, 0,       1968197
TOPDOWN_FETCH_BUBBLES_SLOTS_total_count, 0,       6075010

TOPDOWN_RECOVERY_BUBBLES_SLOTS_count, 0,       1367082
TOPDOWN_RECOVERY_BUBBLES_SLOTS_total_count, 0,       3983283

TOPDOWN_MEM_LOAD_STALLS_CYCLES_count, 0,       1616652
TOPDOWN_MEM_LOAD_STALLS_CYCLES_total_count, 0,       4942243

TOPDOWN_MEM_STORE_STALLS_CYCLES_count, 0,             0
TOPDOWN_MEM_STORE_STALLS_CYCLES_total_count, 0,          4285

TOPDOWN_EXEC_STALLS_CYCLES_count, 0,       1538879
TOPDOWN_EXEC_STALLS_CYCLES_total_count, 0,       4679079

TOPDOWN_BACKEND_STALLS_CYCLES_count, 0,       1616652
TOPDOWN_BACKEND_STALLS_CYCLES_total_count, 0,       4946780

TOPDOWN_FETCH_BUBBLES_GT_MIW_CYCLES_count, 0,        278703
TOPDOWN_FETCH_BUBBLES_GT_MIW_CYCLES_total_count, 0,        865403

TOPDOWN_BR_RECOVER_AT_EXEC_RETIRED_CYCLES_count, 0,         32010
TOPDOWN_BR_RECOVER_AT_EXEC_RETIRED_CYCLES_total_count, 0,         92914

TOPDOWN_MACHINE_CLEAR_CYCLES_count, 0,        351365
TOPDOWN_MACHINE_CLEAR_CYCLES_total_count, 0,       1054869

TOPDOWN_FRONTEND_BOUND_count, 0,           659
TOPDOWN_FRONTEND_BOUND_total_count, 0,           659

TOPDOWN_BACKEND_BOUND_count, 0,          3423
TOPDOWN_BACKEND_BOUND_total_count, 0,          3423

TOPDOWN_BAD_SPEC_BOUND_count, 0,          2230
TOPDOWN_BAD_SPEC_BOUND_total_count, 0,          2230

TOPDOWN_RETIRING_BOUND_count, 0,          3688
TOPDOWN_RETIRING_BOUND_total_count, 0,          3688

TOPDOWN_FETCH_LATENCY_BOUND_count, 0,           560
TOPDOWN_FETCH_LATENCY_BOUND_total_count, 0,           560

TOPDOWN_FETCH_BANDWIDTH_BOUND_count, 0,            99
TOPDOWN_FETCH_BANDWIDTH_BOUND_total_count, 0,            99

TOPDOWN_MEM_BOUND_count, 0,          3423
TOPDOWN_MEM_BOUND_total_count, 0,          3423

TOPDOWN_CORE_BOUND_count, 0,             0
TOPDOWN_CORE_BOUND_total_count, 0,             0

TOPDOWN_BR_RECOVER_AT_EXEC_BOUND_count, 0,           186
TOPDOWN_BR_RECOVER_AT_EXEC_BOUND_total_count, 0,           186

TOPDOWN_MACHINE_CLEARS_BOUND_count, 0,          2044
TOPDOWN_MACHINE_CLEARS_BOUND_total_count, 0,          2044

H2P_SEEN_MAIN_count, 0,             0
H2P_SEEN_MAIN_total_count, 0,             0



